
DETspectrum = [
    1    1    1    1    1    1    1    1    1    1  0.00000E+00 0.00000 
    2    2    1    1    1    1    1    1    1    1  1.60541E-03 0.27676 
    3    3    1    1    1    1    1    1    1    1  8.45175E-04 0.32763 
    4    4    1    1    1    1    1    1    1    1  3.92905E-03 0.15368 
    5    5    1    1    1    1    1    1    1    1  2.99816E-03 0.18532 
    6    6    1    1    1    1    1    1    1    1  4.23565E-03 0.16146 
    7    7    1    1    1    1    1    1    1    1  4.98800E-03 0.15214 
    8    8    1    1    1    1    1    1    1    1  6.13066E-03 0.15118 
    9    9    1    1    1    1    1    1    1    1  8.52215E-03 0.11496 
   10   10    1    1    1    1    1    1    1    1  2.70114E-02 0.07320 
   11   11    1    1    1    1    1    1    1    1  2.09594E-02 0.07616 
   12   12    1    1    1    1    1    1    1    1  7.06568E-02 0.04875 
   13   13    1    1    1    1    1    1    1    1  8.36450E-02 0.04242 
   14   14    1    1    1    1    1    1    1    1  6.99806E-01 0.02398 
   15   15    1    1    1    1    1    1    1    1  2.46098E-01 0.03346 
   16   16    1    1    1    1    1    1    1    1  5.12212E-01 0.02603 
   17   17    1    1    1    1    1    1    1    1  4.90518E-01 0.02497 
   18   18    1    1    1    1    1    1    1    1  4.82224E-01 0.02245 
   19   19    1    1    1    1    1    1    1    1  4.58326E-01 0.02239 
   20   20    1    1    1    1    1    1    1    1  4.29169E-01 0.02392 
   21   21    1    1    1    1    1    1    1    1  3.97108E-01 0.02166 
   22   22    1    1    1    1    1    1    1    1  3.68770E-01 0.02379 
   23   23    1    1    1    1    1    1    1    1  7.68285E-01 0.01966 
   24   24    1    1    1    1    1    1    1    1  6.14596E-01 0.02106 
   25   25    1    1    1    1    1    1    1    1  4.58564E-01 0.02080 
   26   26    1    1    1    1    1    1    1    1  3.62185E-01 0.02372 
   27   27    1    1    1    1    1    1    1    1  2.76486E-01 0.02368 
   28   28    1    1    1    1    1    1    1    1  2.22553E-01 0.02958 
   29   29    1    1    1    1    1    1    1    1  1.76411E-01 0.03034 
   30   30    1    1    1    1    1    1    1    1  1.45845E-01 0.03150 
   31   31    1    1    1    1    1    1    1    1  1.20783E-01 0.03520 
   32   32    1    1    1    1    1    1    1    1  9.68762E-02 0.03942 
   33   33    1    1    1    1    1    1    1    1  9.37250E-02 0.03252 
   34   34    1    1    1    1    1    1    1    1  8.02121E-02 0.03857 
   35   35    1    1    1    1    1    1    1    1  1.41480E-01 0.03834 
   36   36    1    1    1    1    1    1    1    1  1.22455E-01 0.03877 
   37   37    1    1    1    1    1    1    1    1  1.05736E-01 0.03685 
   38   38    1    1    1    1    1    1    1    1  8.98222E-02 0.03978 
   39   39    1    1    1    1    1    1    1    1  4.41381E-02 0.05323 
   40   40    1    1    1    1    1    1    1    1  3.72891E-02 0.05868 
   41   41    1    1    1    1    1    1    1    1  6.64067E-02 0.04884 
   42   42    1    1    1    1    1    1    1    1  6.63630E-02 0.04321 
   43   43    1    1    1    1    1    1    1    1  6.36520E-02 0.04505 
   44   44    1    1    1    1    1    1    1    1  6.26613E-02 0.04595 
   45   45    1    1    1    1    1    1    1    1  5.37975E-02 0.05313 
   46   46    1    1    1    1    1    1    1    1  2.86268E-02 0.05984 
   47   47    1    1    1    1    1    1    1    1  2.55330E-02 0.06596 
   48   48    1    1    1    1    1    1    1    1  2.73952E-02 0.05528 
   49   49    1    1    1    1    1    1    1    1  2.30171E-02 0.07066 
   50   50    1    1    1    1    1    1    1    1  9.70737E-03 0.10542 
   51   51    1    1    1    1    1    1    1    1  9.16383E-03 0.10614 
   52   52    1    1    1    1    1    1    1    1  9.73018E-03 0.11133 
   53   53    1    1    1    1    1    1    1    1  1.14790E-02 0.09687 
   54   54    1    1    1    1    1    1    1    1  9.27445E-03 0.11294 
   55   55    1    1    1    1    1    1    1    1  8.64953E-03 0.11049 
   56   56    1    1    1    1    1    1    1    1  9.07058E-03 0.11483 
   57   57    1    1    1    1    1    1    1    1  9.06994E-03 0.11182 
   58   58    1    1    1    1    1    1    1    1  7.96085E-03 0.13909 
   59   59    1    1    1    1    1    1    1    1  1.01008E-02 0.11080 
   60   60    1    1    1    1    1    1    1    1  6.69796E-03 0.13911 
   61   61    1    1    1    1    1    1    1    1  7.39989E-03 0.13028 
   62   62    1    1    1    1    1    1    1    1  8.61986E-03 0.11923 
   63   63    1    1    1    1    1    1    1    1  8.53902E-03 0.11521 
   64   64    1    1    1    1    1    1    1    1  8.19700E-03 0.11100 
   65   65    1    1    1    1    1    1    1    1  2.00845E-02 0.08415 
   66   66    1    1    1    1    1    1    1    1  1.86350E-02 0.08186 
   67   67    1    1    1    1    1    1    1    1  1.86728E-02 0.07760 
   68   68    1    1    1    1    1    1    1    1  1.51374E-02 0.09497 
   69   69    1    1    1    1    1    1    1    1  3.36574E-02 0.06988 
   70   70    1    1    1    1    1    1    1    1  3.40487E-02 0.05556 
   71   71    1    1    1    1    1    1    1    1  2.99644E-02 0.06354 
   72   72    1    1    1    1    1    1    1    1  3.18115E-02 0.06519 
   73   73    1    1    1    1    1    1    1    1  3.35053E-02 0.05916 
   74   74    1    1    1    1    1    1    1    1  4.99227E-02 0.05278 
   75   75    1    1    1    1    1    1    1    1  4.61153E-02 0.04672 
   76   76    1    1    1    1    1    1    1    1  4.85433E-02 0.05839 
   77   77    1    1    1    1    1    1    1    1  4.64333E-02 0.05693 
   78   78    1    1    1    1    1    1    1    1  3.55840E-02 0.06183 
   79   79    1    1    1    1    1    1    1    1  2.39005E-02 0.06052 
   80   80    1    1    1    1    1    1    1    1  5.28777E-02 0.04534 
   81   81    1    1    1    1    1    1    1    1  3.45521E-02 0.05870 
   82   82    1    1    1    1    1    1    1    1  3.50253E-02 0.06099 
   83   83    1    1    1    1    1    1    1    1  3.25098E-02 0.06462 
   84   84    1    1    1    1    1    1    1    1  3.23672E-02 0.06290 
   85   85    1    1    1    1    1    1    1    1  3.21971E-02 0.06401 
   86   86    1    1    1    1    1    1    1    1  3.22558E-02 0.06143 
   87   87    1    1    1    1    1    1    1    1  2.79215E-02 0.06606 
   88   88    1    1    1    1    1    1    1    1  2.89296E-02 0.07139 
   89   89    1    1    1    1    1    1    1    1  2.67959E-02 0.07111 
   90   90    1    1    1    1    1    1    1    1  9.00541E-03 0.11572 
   91   91    1    1    1    1    1    1    1    1  1.24765E-02 0.09385 
   92   92    1    1    1    1    1    1    1    1  2.89183E-02 0.06283 
   93   93    1    1    1    1    1    1    1    1  8.84199E-02 0.04348 
   94   94    1    1    1    1    1    1    1    1  5.05495E-02 0.05309 
   95   95    1    1    1    1    1    1    1    1  5.90453E-02 0.04779 
   96   96    1    1    1    1    1    1    1    1  1.42088E-01 0.02829 
   97   97    1    1    1    1    1    1    1    1  4.22088E-02 0.05379 
   98   98    1    1    1    1    1    1    1    1  6.25547E-02 0.04668 
   99   99    1    1    1    1    1    1    1    1  8.90234E-02 0.04202 
  100  100    1    1    1    1    1    1    1    1  3.33208E-02 0.06166 
  101  101    1    1    1    1    1    1    1    1  2.74896E-02 0.06421 
  102  102    1    1    1    1    1    1    1    1  2.94439E-02 0.06925 
  103  103    1    1    1    1    1    1    1    1  3.29123E-02 0.06169 
  104  104    1    1    1    1    1    1    1    1  2.07484E-02 0.08864 
  105  105    1    1    1    1    1    1    1    1  1.17313E-01 0.03621 
  106  106    1    1    1    1    1    1    1    1  1.04761E-01 0.03285 
  107  107    1    1    1    1    1    1    1    1  8.46358E-02 0.03846 
  108  108    1    1    1    1    1    1    1    1  1.25289E-01 0.02782 
  109  109    1    1    1    1    1    1    1    1  2.90947E-02 0.06044 
