
DETspectrum = [
    1    1    1    1    1    1    1    1    1    1  0.00000E+00 0.00000 
    2    2    1    1    1    1    1    1    1    1  1.46037E-03 0.28015 
    3    3    1    1    1    1    1    1    1    1  1.68157E-03 0.26994 
    4    4    1    1    1    1    1    1    1    1  3.53018E-03 0.18720 
    5    5    1    1    1    1    1    1    1    1  2.75278E-03 0.16900 
    6    6    1    1    1    1    1    1    1    1  3.42918E-03 0.16963 
    7    7    1    1    1    1    1    1    1    1  6.08440E-03 0.11468 
    8    8    1    1    1    1    1    1    1    1  5.86467E-03 0.12578 
    9    9    1    1    1    1    1    1    1    1  6.82837E-03 0.12890 
   10   10    1    1    1    1    1    1    1    1  2.81832E-02 0.06095 
   11   11    1    1    1    1    1    1    1    1  2.07389E-02 0.07643 
   12   12    1    1    1    1    1    1    1    1  7.18213E-02 0.04164 
   13   13    1    1    1    1    1    1    1    1  8.94651E-02 0.03536 
   14   14    1    1    1    1    1    1    1    1  6.98510E-01 0.02292 
   15   15    1    1    1    1    1    1    1    1  2.45234E-01 0.02663 
   16   16    1    1    1    1    1    1    1    1  5.27708E-01 0.02226 
   17   17    1    1    1    1    1    1    1    1  5.21197E-01 0.02291 
   18   18    1    1    1    1    1    1    1    1  4.97570E-01 0.02139 
   19   19    1    1    1    1    1    1    1    1  4.68048E-01 0.02327 
   20   20    1    1    1    1    1    1    1    1  4.47139E-01 0.02221 
   21   21    1    1    1    1    1    1    1    1  4.01561E-01 0.02158 
   22   22    1    1    1    1    1    1    1    1  3.67395E-01 0.02218 
   23   23    1    1    1    1    1    1    1    1  7.93065E-01 0.02216 
   24   24    1    1    1    1    1    1    1    1  6.05378E-01 0.02238 
   25   25    1    1    1    1    1    1    1    1  4.66812E-01 0.01963 
   26   26    1    1    1    1    1    1    1    1  3.57713E-01 0.02204 
   27   27    1    1    1    1    1    1    1    1  2.73641E-01 0.02367 
   28   28    1    1    1    1    1    1    1    1  2.23889E-01 0.02869 
   29   29    1    1    1    1    1    1    1    1  1.73697E-01 0.02788 
   30   30    1    1    1    1    1    1    1    1  1.42283E-01 0.03231 
   31   31    1    1    1    1    1    1    1    1  1.22542E-01 0.03130 
   32   32    1    1    1    1    1    1    1    1  9.97277E-02 0.03480 
   33   33    1    1    1    1    1    1    1    1  8.57180E-02 0.03967 
   34   34    1    1    1    1    1    1    1    1  8.27905E-02 0.04562 
   35   35    1    1    1    1    1    1    1    1  1.36343E-01 0.03322 
   36   36    1    1    1    1    1    1    1    1  1.11354E-01 0.03814 
   37   37    1    1    1    1    1    1    1    1  9.53724E-02 0.03834 
   38   38    1    1    1    1    1    1    1    1  8.79231E-02 0.04494 
   39   39    1    1    1    1    1    1    1    1  4.52677E-02 0.05660 
   40   40    1    1    1    1    1    1    1    1  3.75303E-02 0.05109 
   41   41    1    1    1    1    1    1    1    1  6.95659E-02 0.04425 
   42   42    1    1    1    1    1    1    1    1  7.16895E-02 0.04615 
   43   43    1    1    1    1    1    1    1    1  6.05312E-02 0.05090 
   44   44    1    1    1    1    1    1    1    1  5.43106E-02 0.04456 
   45   45    1    1    1    1    1    1    1    1  5.35034E-02 0.04713 
   46   46    1    1    1    1    1    1    1    1  2.66327E-02 0.06177 
   47   47    1    1    1    1    1    1    1    1  2.56026E-02 0.07285 
   48   48    1    1    1    1    1    1    1    1  2.35187E-02 0.07443 
   49   49    1    1    1    1    1    1    1    1  2.24092E-02 0.08060 
   50   50    1    1    1    1    1    1    1    1  1.04849E-02 0.11557 
   51   51    1    1    1    1    1    1    1    1  9.70624E-03 0.11564 
   52   52    1    1    1    1    1    1    1    1  8.90248E-03 0.11783 
   53   53    1    1    1    1    1    1    1    1  8.94895E-03 0.11244 
   54   54    1    1    1    1    1    1    1    1  1.05285E-02 0.10165 
   55   55    1    1    1    1    1    1    1    1  1.08372E-02 0.09527 
   56   56    1    1    1    1    1    1    1    1  7.80092E-03 0.11502 
   57   57    1    1    1    1    1    1    1    1  7.71085E-03 0.11385 
   58   58    1    1    1    1    1    1    1    1  8.29782E-03 0.12274 
   59   59    1    1    1    1    1    1    1    1  7.22720E-03 0.11562 
   60   60    1    1    1    1    1    1    1    1  7.69152E-03 0.12482 
   61   61    1    1    1    1    1    1    1    1  7.80696E-03 0.10889 
   62   62    1    1    1    1    1    1    1    1  8.01448E-03 0.11523 
   63   63    1    1    1    1    1    1    1    1  6.53492E-03 0.13391 
   64   64    1    1    1    1    1    1    1    1  7.99517E-03 0.10490 
   65   65    1    1    1    1    1    1    1    1  1.78627E-02 0.07700 
   66   66    1    1    1    1    1    1    1    1  1.97130E-02 0.07280 
   67   67    1    1    1    1    1    1    1    1  1.95125E-02 0.06321 
   68   68    1    1    1    1    1    1    1    1  2.02407E-02 0.07707 
   69   69    1    1    1    1    1    1    1    1  3.26983E-02 0.05797 
   70   70    1    1    1    1    1    1    1    1  3.50770E-02 0.06015 
   71   71    1    1    1    1    1    1    1    1  3.15886E-02 0.06906 
   72   72    1    1    1    1    1    1    1    1  3.04975E-02 0.05869 
   73   73    1    1    1    1    1    1    1    1  3.07425E-02 0.05656 
   74   74    1    1    1    1    1    1    1    1  5.80667E-02 0.04550 
   75   75    1    1    1    1    1    1    1    1  5.42844E-02 0.05312 
   76   76    1    1    1    1    1    1    1    1  4.75967E-02 0.05281 
   77   77    1    1    1    1    1    1    1    1  4.28595E-02 0.05790 
   78   78    1    1    1    1    1    1    1    1  3.83852E-02 0.05471 
   79   79    1    1    1    1    1    1    1    1  2.76912E-02 0.07247 
   80   80    1    1    1    1    1    1    1    1  5.27293E-02 0.05066 
   81   81    1    1    1    1    1    1    1    1  3.58181E-02 0.06251 
   82   82    1    1    1    1    1    1    1    1  3.34628E-02 0.06203 
   83   83    1    1    1    1    1    1    1    1  2.88419E-02 0.06720 
   84   84    1    1    1    1    1    1    1    1  3.04705E-02 0.06610 
   85   85    1    1    1    1    1    1    1    1  3.70051E-02 0.05731 
   86   86    1    1    1    1    1    1    1    1  3.13042E-02 0.06749 
   87   87    1    1    1    1    1    1    1    1  3.25741E-02 0.06297 
   88   88    1    1    1    1    1    1    1    1  3.19245E-02 0.05977 
   89   89    1    1    1    1    1    1    1    1  3.09174E-02 0.06265 
   90   90    1    1    1    1    1    1    1    1  6.80875E-03 0.12842 
   91   91    1    1    1    1    1    1    1    1  1.35278E-02 0.09259 
   92   92    1    1    1    1    1    1    1    1  3.14373E-02 0.06905 
   93   93    1    1    1    1    1    1    1    1  9.59158E-02 0.03895 
   94   94    1    1    1    1    1    1    1    1  5.68972E-02 0.05250 
   95   95    1    1    1    1    1    1    1    1  6.16163E-02 0.04482 
   96   96    1    1    1    1    1    1    1    1  1.44368E-01 0.03173 
   97   97    1    1    1    1    1    1    1    1  4.37297E-02 0.05132 
   98   98    1    1    1    1    1    1    1    1  6.45986E-02 0.04135 
   99   99    1    1    1    1    1    1    1    1  8.70215E-02 0.03646 
  100  100    1    1    1    1    1    1    1    1  3.27982E-02 0.06151 
  101  101    1    1    1    1    1    1    1    1  3.44725E-02 0.04856 
  102  102    1    1    1    1    1    1    1    1  3.12936E-02 0.06569 
  103  103    1    1    1    1    1    1    1    1  3.26613E-02 0.06044 
  104  104    1    1    1    1    1    1    1    1  1.81515E-02 0.09090 
  105  105    1    1    1    1    1    1    1    1  1.08884E-01 0.03309 
  106  106    1    1    1    1    1    1    1    1  1.05006E-01 0.03041 
  107  107    1    1    1    1    1    1    1    1  8.90728E-02 0.03880 
  108  108    1    1    1    1    1    1    1    1  1.35578E-01 0.03005 
  109  109    1    1    1    1    1    1    1    1  3.24022E-02 0.05581 
