
DETspectrum = [
    1    1    1    1    1    1    1    1    1    1  9.67485E-05 1.00000 
    2    2    1    1    1    1    1    1    1    1  1.44467E-03 0.26799 
    3    3    1    1    1    1    1    1    1    1  1.57207E-03 0.26964 
    4    4    1    1    1    1    1    1    1    1  3.76027E-03 0.14771 
    5    5    1    1    1    1    1    1    1    1  2.58454E-03 0.19049 
    6    6    1    1    1    1    1    1    1    1  3.98759E-03 0.18745 
    7    7    1    1    1    1    1    1    1    1  5.64496E-03 0.14683 
    8    8    1    1    1    1    1    1    1    1  5.56922E-03 0.14023 
    9    9    1    1    1    1    1    1    1    1  8.75255E-03 0.10156 
   10   10    1    1    1    1    1    1    1    1  2.57594E-02 0.07774 
   11   11    1    1    1    1    1    1    1    1  2.31585E-02 0.07255 
   12   12    1    1    1    1    1    1    1    1  7.25690E-02 0.04796 
   13   13    1    1    1    1    1    1    1    1  9.18128E-02 0.04319 
   14   14    1    1    1    1    1    1    1    1  6.99277E-01 0.02634 
   15   15    1    1    1    1    1    1    1    1  2.40688E-01 0.03168 
   16   16    1    1    1    1    1    1    1    1  5.23473E-01 0.02295 
   17   17    1    1    1    1    1    1    1    1  5.07030E-01 0.02365 
   18   18    1    1    1    1    1    1    1    1  4.84148E-01 0.02649 
   19   19    1    1    1    1    1    1    1    1  4.59987E-01 0.02436 
   20   20    1    1    1    1    1    1    1    1  4.37334E-01 0.02370 
   21   21    1    1    1    1    1    1    1    1  4.06871E-01 0.02386 
   22   22    1    1    1    1    1    1    1    1  3.65782E-01 0.02500 
   23   23    1    1    1    1    1    1    1    1  7.80450E-01 0.02333 
   24   24    1    1    1    1    1    1    1    1  6.09013E-01 0.02377 
   25   25    1    1    1    1    1    1    1    1  4.69814E-01 0.02485 
   26   26    1    1    1    1    1    1    1    1  3.66962E-01 0.02279 
   27   27    1    1    1    1    1    1    1    1  2.84856E-01 0.02850 
   28   28    1    1    1    1    1    1    1    1  2.19246E-01 0.02632 
   29   29    1    1    1    1    1    1    1    1  1.78667E-01 0.02918 
   30   30    1    1    1    1    1    1    1    1  1.41892E-01 0.03266 
   31   31    1    1    1    1    1    1    1    1  1.21617E-01 0.03192 
   32   32    1    1    1    1    1    1    1    1  9.99525E-02 0.03371 
   33   33    1    1    1    1    1    1    1    1  9.82530E-02 0.03437 
   34   34    1    1    1    1    1    1    1    1  8.33374E-02 0.04227 
   35   35    1    1    1    1    1    1    1    1  1.40167E-01 0.03054 
   36   36    1    1    1    1    1    1    1    1  1.20754E-01 0.03461 
   37   37    1    1    1    1    1    1    1    1  9.97954E-02 0.03897 
   38   38    1    1    1    1    1    1    1    1  8.60613E-02 0.04277 
   39   39    1    1    1    1    1    1    1    1  3.93996E-02 0.04953 
   40   40    1    1    1    1    1    1    1    1  4.39074E-02 0.04966 
   41   41    1    1    1    1    1    1    1    1  7.62044E-02 0.04035 
   42   42    1    1    1    1    1    1    1    1  6.81718E-02 0.04774 
   43   43    1    1    1    1    1    1    1    1  6.18254E-02 0.04599 
   44   44    1    1    1    1    1    1    1    1  6.13764E-02 0.04656 
   45   45    1    1    1    1    1    1    1    1  5.80505E-02 0.04166 
   46   46    1    1    1    1    1    1    1    1  2.50860E-02 0.06684 
   47   47    1    1    1    1    1    1    1    1  2.79943E-02 0.07063 
   48   48    1    1    1    1    1    1    1    1  2.52416E-02 0.06715 
   49   49    1    1    1    1    1    1    1    1  2.59343E-02 0.07332 
   50   50    1    1    1    1    1    1    1    1  9.04514E-03 0.12059 
   51   51    1    1    1    1    1    1    1    1  9.39330E-03 0.10605 
   52   52    1    1    1    1    1    1    1    1  1.06385E-02 0.09283 
   53   53    1    1    1    1    1    1    1    1  1.18790E-02 0.08972 
   54   54    1    1    1    1    1    1    1    1  8.83266E-03 0.11081 
   55   55    1    1    1    1    1    1    1    1  7.00071E-03 0.13581 
   56   56    1    1    1    1    1    1    1    1  8.70603E-03 0.11668 
   57   57    1    1    1    1    1    1    1    1  8.29780E-03 0.11537 
   58   58    1    1    1    1    1    1    1    1  7.98030E-03 0.11327 
   59   59    1    1    1    1    1    1    1    1  9.29660E-03 0.11192 
   60   60    1    1    1    1    1    1    1    1  7.52126E-03 0.11181 
   61   61    1    1    1    1    1    1    1    1  7.16368E-03 0.12174 
   62   62    1    1    1    1    1    1    1    1  8.09771E-03 0.11065 
   63   63    1    1    1    1    1    1    1    1  6.65283E-03 0.11282 
   64   64    1    1    1    1    1    1    1    1  7.69387E-03 0.11989 
   65   65    1    1    1    1    1    1    1    1  2.04610E-02 0.09096 
   66   66    1    1    1    1    1    1    1    1  1.95711E-02 0.06608 
   67   67    1    1    1    1    1    1    1    1  1.94402E-02 0.08692 
   68   68    1    1    1    1    1    1    1    1  1.90351E-02 0.08866 
   69   69    1    1    1    1    1    1    1    1  3.69541E-02 0.05977 
   70   70    1    1    1    1    1    1    1    1  3.51020E-02 0.05717 
   71   71    1    1    1    1    1    1    1    1  2.95321E-02 0.06627 
   72   72    1    1    1    1    1    1    1    1  3.09119E-02 0.05960 
   73   73    1    1    1    1    1    1    1    1  2.79249E-02 0.06442 
   74   74    1    1    1    1    1    1    1    1  5.79054E-02 0.05020 
   75   75    1    1    1    1    1    1    1    1  5.02773E-02 0.05316 
   76   76    1    1    1    1    1    1    1    1  4.61427E-02 0.04995 
   77   77    1    1    1    1    1    1    1    1  4.11503E-02 0.05622 
   78   78    1    1    1    1    1    1    1    1  3.38240E-02 0.05149 
   79   79    1    1    1    1    1    1    1    1  2.57310E-02 0.06943 
   80   80    1    1    1    1    1    1    1    1  5.59093E-02 0.05612 
   81   81    1    1    1    1    1    1    1    1  3.99148E-02 0.05916 
   82   82    1    1    1    1    1    1    1    1  3.49353E-02 0.06059 
   83   83    1    1    1    1    1    1    1    1  3.02721E-02 0.07409 
   84   84    1    1    1    1    1    1    1    1  3.21747E-02 0.06413 
   85   85    1    1    1    1    1    1    1    1  3.31182E-02 0.06074 
   86   86    1    1    1    1    1    1    1    1  3.64030E-02 0.06345 
   87   87    1    1    1    1    1    1    1    1  3.15657E-02 0.06426 
   88   88    1    1    1    1    1    1    1    1  3.23462E-02 0.06761 
   89   89    1    1    1    1    1    1    1    1  3.27477E-02 0.06516 
   90   90    1    1    1    1    1    1    1    1  1.04659E-02 0.09510 
   91   91    1    1    1    1    1    1    1    1  1.33023E-02 0.09130 
   92   92    1    1    1    1    1    1    1    1  2.56397E-02 0.07148 
   93   93    1    1    1    1    1    1    1    1  9.92168E-02 0.04244 
   94   94    1    1    1    1    1    1    1    1  5.64670E-02 0.04251 
   95   95    1    1    1    1    1    1    1    1  6.43695E-02 0.03903 
   96   96    1    1    1    1    1    1    1    1  1.44267E-01 0.03012 
   97   97    1    1    1    1    1    1    1    1  4.46602E-02 0.05256 
   98   98    1    1    1    1    1    1    1    1  6.85099E-02 0.04060 
   99   99    1    1    1    1    1    1    1    1  8.57156E-02 0.04148 
  100  100    1    1    1    1    1    1    1    1  3.37062E-02 0.05855 
  101  101    1    1    1    1    1    1    1    1  2.92618E-02 0.06057 
  102  102    1    1    1    1    1    1    1    1  3.12113E-02 0.05535 
  103  103    1    1    1    1    1    1    1    1  3.16053E-02 0.05731 
  104  104    1    1    1    1    1    1    1    1  2.00827E-02 0.07683 
  105  105    1    1    1    1    1    1    1    1  1.17592E-01 0.03609 
  106  106    1    1    1    1    1    1    1    1  1.05433E-01 0.03458 
  107  107    1    1    1    1    1    1    1    1  8.83181E-02 0.03492 
  108  108    1    1    1    1    1    1    1    1  1.33861E-01 0.03080 
  109  109    1    1    1    1    1    1    1    1  3.42875E-02 0.06115 
