
DETspectrum = [
    1    1    1    1    1    1    1    1    1    1  8.29832E-05 1.00000 
    2    2    1    1    1    1    1    1    1    1  2.26441E-03 0.20876 
    3    3    1    1    1    1    1    1    1    1  1.07075E-03 0.28696 
    4    4    1    1    1    1    1    1    1    1  3.48729E-03 0.15890 
    5    5    1    1    1    1    1    1    1    1  2.67715E-03 0.20969 
    6    6    1    1    1    1    1    1    1    1  4.29781E-03 0.16469 
    7    7    1    1    1    1    1    1    1    1  6.98566E-03 0.12340 
    8    8    1    1    1    1    1    1    1    1  5.33460E-03 0.15726 
    9    9    1    1    1    1    1    1    1    1  7.09262E-03 0.13333 
   10   10    1    1    1    1    1    1    1    1  2.87546E-02 0.06078 
   11   11    1    1    1    1    1    1    1    1  2.16924E-02 0.08522 
   12   12    1    1    1    1    1    1    1    1  7.23430E-02 0.05441 
   13   13    1    1    1    1    1    1    1    1  8.93127E-02 0.04798 
   14   14    1    1    1    1    1    1    1    1  6.95829E-01 0.02981 
   15   15    1    1    1    1    1    1    1    1  2.43148E-01 0.03086 
   16   16    1    1    1    1    1    1    1    1  5.16065E-01 0.02649 
   17   17    1    1    1    1    1    1    1    1  5.04994E-01 0.02646 
   18   18    1    1    1    1    1    1    1    1  4.93415E-01 0.02565 
   19   19    1    1    1    1    1    1    1    1  4.57151E-01 0.02730 
   20   20    1    1    1    1    1    1    1    1  4.39355E-01 0.02740 
   21   21    1    1    1    1    1    1    1    1  4.13994E-01 0.02392 
   22   22    1    1    1    1    1    1    1    1  3.72409E-01 0.02825 
   23   23    1    1    1    1    1    1    1    1  7.86751E-01 0.02416 
   24   24    1    1    1    1    1    1    1    1  6.02142E-01 0.02074 
   25   25    1    1    1    1    1    1    1    1  4.62612E-01 0.02130 
   26   26    1    1    1    1    1    1    1    1  3.71660E-01 0.02335 
   27   27    1    1    1    1    1    1    1    1  2.75113E-01 0.02654 
   28   28    1    1    1    1    1    1    1    1  2.21663E-01 0.02850 
   29   29    1    1    1    1    1    1    1    1  1.78560E-01 0.02878 
   30   30    1    1    1    1    1    1    1    1  1.52690E-01 0.02475 
   31   31    1    1    1    1    1    1    1    1  1.21533E-01 0.03443 
   32   32    1    1    1    1    1    1    1    1  1.00492E-01 0.03950 
   33   33    1    1    1    1    1    1    1    1  9.08717E-02 0.03727 
   34   34    1    1    1    1    1    1    1    1  7.83689E-02 0.04103 
   35   35    1    1    1    1    1    1    1    1  1.40553E-01 0.03346 
   36   36    1    1    1    1    1    1    1    1  1.21233E-01 0.03131 
   37   37    1    1    1    1    1    1    1    1  1.05737E-01 0.03578 
   38   38    1    1    1    1    1    1    1    1  8.51921E-02 0.03666 
   39   39    1    1    1    1    1    1    1    1  4.17254E-02 0.05643 
   40   40    1    1    1    1    1    1    1    1  4.29266E-02 0.05430 
   41   41    1    1    1    1    1    1    1    1  7.58702E-02 0.03981 
   42   42    1    1    1    1    1    1    1    1  6.74362E-02 0.04392 
   43   43    1    1    1    1    1    1    1    1  5.98419E-02 0.05297 
   44   44    1    1    1    1    1    1    1    1  6.55182E-02 0.04810 
   45   45    1    1    1    1    1    1    1    1  5.28706E-02 0.05437 
   46   46    1    1    1    1    1    1    1    1  2.76586E-02 0.06740 
   47   47    1    1    1    1    1    1    1    1  3.01669E-02 0.06728 
   48   48    1    1    1    1    1    1    1    1  2.38659E-02 0.06727 
   49   49    1    1    1    1    1    1    1    1  2.41728E-02 0.06736 
   50   50    1    1    1    1    1    1    1    1  8.66538E-03 0.12469 
   51   51    1    1    1    1    1    1    1    1  7.09922E-03 0.12838 
   52   52    1    1    1    1    1    1    1    1  9.25642E-03 0.10280 
   53   53    1    1    1    1    1    1    1    1  8.87414E-03 0.10716 
   54   54    1    1    1    1    1    1    1    1  8.87116E-03 0.12172 
   55   55    1    1    1    1    1    1    1    1  7.99884E-03 0.12228 
   56   56    1    1    1    1    1    1    1    1  8.39916E-03 0.11994 
   57   57    1    1    1    1    1    1    1    1  9.41005E-03 0.12514 
   58   58    1    1    1    1    1    1    1    1  7.99833E-03 0.11153 
   59   59    1    1    1    1    1    1    1    1  7.88057E-03 0.11215 
   60   60    1    1    1    1    1    1    1    1  7.45866E-03 0.13282 
   61   61    1    1    1    1    1    1    1    1  7.34962E-03 0.13300 
   62   62    1    1    1    1    1    1    1    1  6.14736E-03 0.12926 
   63   63    1    1    1    1    1    1    1    1  7.61694E-03 0.12141 
   64   64    1    1    1    1    1    1    1    1  8.12386E-03 0.10964 
   65   65    1    1    1    1    1    1    1    1  1.92764E-02 0.08629 
   66   66    1    1    1    1    1    1    1    1  1.79659E-02 0.07684 
   67   67    1    1    1    1    1    1    1    1  1.94311E-02 0.07965 
   68   68    1    1    1    1    1    1    1    1  2.04879E-02 0.07630 
   69   69    1    1    1    1    1    1    1    1  3.41269E-02 0.06395 
   70   70    1    1    1    1    1    1    1    1  3.57359E-02 0.06218 
   71   71    1    1    1    1    1    1    1    1  3.34036E-02 0.05995 
   72   72    1    1    1    1    1    1    1    1  3.24897E-02 0.06460 
   73   73    1    1    1    1    1    1    1    1  2.97520E-02 0.06431 
   74   74    1    1    1    1    1    1    1    1  5.45696E-02 0.05272 
   75   75    1    1    1    1    1    1    1    1  5.01117E-02 0.04935 
   76   76    1    1    1    1    1    1    1    1  4.32686E-02 0.05634 
   77   77    1    1    1    1    1    1    1    1  4.53738E-02 0.05662 
   78   78    1    1    1    1    1    1    1    1  3.54223E-02 0.06035 
   79   79    1    1    1    1    1    1    1    1  2.99665E-02 0.06562 
   80   80    1    1    1    1    1    1    1    1  5.56097E-02 0.05245 
   81   81    1    1    1    1    1    1    1    1  3.41364E-02 0.06161 
   82   82    1    1    1    1    1    1    1    1  3.58030E-02 0.06610 
   83   83    1    1    1    1    1    1    1    1  2.88897E-02 0.06458 
   84   84    1    1    1    1    1    1    1    1  3.75954E-02 0.05008 
   85   85    1    1    1    1    1    1    1    1  3.65483E-02 0.05938 
   86   86    1    1    1    1    1    1    1    1  3.41851E-02 0.06420 
   87   87    1    1    1    1    1    1    1    1  3.33474E-02 0.06003 
   88   88    1    1    1    1    1    1    1    1  3.07718E-02 0.05711 
   89   89    1    1    1    1    1    1    1    1  3.18222E-02 0.05564 
   90   90    1    1    1    1    1    1    1    1  7.80969E-03 0.12938 
   91   91    1    1    1    1    1    1    1    1  1.41358E-02 0.09932 
   92   92    1    1    1    1    1    1    1    1  2.85626E-02 0.07347 
   93   93    1    1    1    1    1    1    1    1  9.24444E-02 0.03398 
   94   94    1    1    1    1    1    1    1    1  5.73726E-02 0.04690 
   95   95    1    1    1    1    1    1    1    1  5.87148E-02 0.04219 
   96   96    1    1    1    1    1    1    1    1  1.52833E-01 0.03521 
   97   97    1    1    1    1    1    1    1    1  4.41511E-02 0.06154 
   98   98    1    1    1    1    1    1    1    1  6.21795E-02 0.04679 
   99   99    1    1    1    1    1    1    1    1  8.66984E-02 0.03481 
  100  100    1    1    1    1    1    1    1    1  3.46914E-02 0.06307 
  101  101    1    1    1    1    1    1    1    1  2.95797E-02 0.05906 
  102  102    1    1    1    1    1    1    1    1  3.33103E-02 0.06686 
  103  103    1    1    1    1    1    1    1    1  3.02516E-02 0.05995 
  104  104    1    1    1    1    1    1    1    1  1.89130E-02 0.08217 
  105  105    1    1    1    1    1    1    1    1  1.16990E-01 0.03066 
  106  106    1    1    1    1    1    1    1    1  1.08970E-01 0.03551 
  107  107    1    1    1    1    1    1    1    1  8.71573E-02 0.04654 
  108  108    1    1    1    1    1    1    1    1  1.30875E-01 0.02772 
  109  109    1    1    1    1    1    1    1    1  3.44766E-02 0.06229 
