
ZAI = [
922350
942390
942400
942410
952410
952430
641550
641570
541350
621490
531310
551340
551370
666
0
];

NAMES = [
'U235            '
'Pu239           '
'Pu240           '
'Pu241           '
'Am241           '
'Am243           '
'Gd155           '
'Gd157           '
'Xe135           '
'Sm149           '
'I131            '
'Cs134           '
'Cs137           '
'lost            '
'total           '
];

i922350 = 1; iU235             = 1;
i942390 = 2; iPu239            = 2;
i942400 = 3; iPu240            = 3;
i942410 = 4; iPu241            = 4;
i952410 = 5; iAm241            = 5;
i952430 = 6; iAm243            = 6;
i641550 = 7; iGd155            = 7;
i641570 = 8; iGd157            = 8;
i541350 = 9; iXe135            = 9;
i621490 = 10; iSm149            = 10;
i531310 = 11; iI131             = 11;
i551340 = 12; iCs134            = 12;
i551370 = 13; iCs137            = 13;
iLOST    = 14;
iTOT     = 15;

MAT_fue1_VOLUME = [ 1.65945E+01 1.65945E+01 1.65945E+01 1.65945E+01 ];

MAT_fue1_BURNUP = [ 0.00000E+00 1.09162E+01 2.73388E+01 5.55978E+01 ];

MAT_fue1_ADENS = [
1.43700E-03 1.13758E-03 6.98422E-04 1.17157E-04 % U235
0.00000E+00 1.58583E-08 1.33828E-07 2.90463E-07 % Pu239
0.00000E+00 9.28436E-08 1.70369E-06 1.34527E-05 % Pu240
0.00000E+00 3.21859E-08 1.27794E-06 9.47914E-06 % Pu241
0.00000E+00 7.13688E-15 6.67323E-13 6.42064E-12 % Am241
0.00000E+00 2.31968E-13 1.27334E-10 1.99436E-08 % Am243
0.00000E+00 6.26626E-15 5.52770E-15 2.59987E-15 % Gd155
0.00000E+00 3.47831E-12 1.11094E-11 1.66169E-11 % Gd157
0.00000E+00 1.01964E-09 1.14652E-09 6.00411E-10 % Xe135
0.00000E+00 9.21838E-12 3.20275E-11 1.89713E-11 % Sm149
0.00000E+00 2.04126E-07 2.03087E-06 9.12256E-06 % I131
0.00000E+00 3.32601E-11 7.52464E-11 2.02127E-10 % Cs134
0.00000E+00 1.02466E-05 3.39533E-05 7.12552E-05 % Cs137
0.00000E+00 1.75646E-11 4.26080E-11 9.35341E-11 % lost data
6.76182E-02 6.78722E-02 6.82512E-02 6.88126E-02 % total
];

MAT_fue1_MDENS = [
5.60871E-01 4.44003E-01 2.72598E-01 4.57271E-02 % U235
0.00000E+00 6.29512E-06 5.31245E-05 1.15303E-04 % Pu239
0.00000E+00 3.70098E-05 6.79133E-04 5.36261E-03 % Pu240
0.00000E+00 1.28833E-05 5.11532E-04 3.79428E-03 % Pu241
0.00000E+00 2.85683E-12 2.67123E-10 2.57012E-09 % Am241
0.00000E+00 9.36270E-11 5.13945E-08 8.04964E-06 % Am243
0.00000E+00 1.61206E-12 1.42205E-12 6.68843E-13 % Gd155
0.00000E+00 9.06388E-10 2.89491E-09 4.33007E-09 % Gd157
0.00000E+00 2.28421E-07 2.56846E-07 1.34505E-07 % Xe135
0.00000E+00 2.27958E-09 7.91997E-09 4.69136E-09 % Sm149
0.00000E+00 4.43724E-05 4.41466E-04 1.98304E-03 % I131
0.00000E+00 7.39578E-09 1.67319E-08 4.49454E-08 % Cs134
0.00000E+00 2.32950E-03 7.71906E-03 1.61994E-02 % Cs137
0.00000E+00 0.00000E+00 0.00000E+00 0.00000E+00 % lost data
1.01000E+01 1.00989E+01 1.00973E+01 1.00956E+01 % total
];

MAT_fue1_A = [
7.43999E+05 5.88973E+05 3.61603E+05 6.06573E+04 % U235
0.00000E+00 2.39742E+05 2.02319E+06 4.39116E+06 % Pu239
0.00000E+00 5.15785E+06 9.46469E+07 7.47356E+08 % Pu240
0.00000E+00 8.20956E+08 3.25961E+10 2.41781E+11 % Pu241
0.00000E+00 6.01324E+00 5.62259E+02 5.40976E+03 % Am241
0.00000E+00 1.14723E+01 6.29744E+03 9.86334E+05 % Am243
0.00000E+00 0.00000E+00 0.00000E+00 0.00000E+00 % Gd155
0.00000E+00 0.00000E+00 0.00000E+00 0.00000E+00 % Gd157
0.00000E+00 3.56441E+11 4.00797E+11 2.09889E+11 % Xe135
0.00000E+00 0.00000E+00 0.00000E+00 0.00000E+00 % Sm149
0.00000E+00 3.38815E+12 3.37091E+13 1.51419E+14 % I131
0.00000E+00 5.87013E+06 1.32804E+07 3.56738E+07 % Cs134
0.00000E+00 1.24203E+11 4.11562E+11 8.63712E+11 % Cs137
0.00000E+00 0.00000E+00 0.00000E+00 0.00000E+00 % lost data
2.46551E+06 1.45758E+19 1.60325E+19 1.40895E+19 % total
];

MAT_fue1_H = [
5.49835E-07 4.35266E-07 2.67235E-07 4.48274E-08 % U235
0.00000E+00 2.01322E-07 1.69896E-06 3.68746E-06 % Pu239
0.00000E+00 4.33936E-06 7.96274E-05 6.28758E-04 % Pu240
0.00000E+00 7.04367E-07 2.79669E-05 2.07444E-04 % Pu241
0.00000E+00 5.39136E-12 5.04111E-10 4.85030E-09 % Am241
0.00000E+00 9.98319E-12 5.48005E-09 8.58311E-07 % Am243
0.00000E+00 0.00000E+00 0.00000E+00 0.00000E+00 % Gd155
0.00000E+00 0.00000E+00 0.00000E+00 0.00000E+00 % Gd157
0.00000E+00 3.21337E-02 3.61325E-02 1.89218E-02 % Xe135
0.00000E+00 0.00000E+00 0.00000E+00 0.00000E+00 % Sm149
0.00000E+00 3.12096E-01 3.10508E+00 1.39478E+01 % I131
0.00000E+00 1.61623E-06 3.65649E-06 9.82208E-06 % Cs134
0.00000E+00 3.57893E-03 1.18592E-02 2.48879E-02 % Cs137
0.00000E+00 0.00000E+00 0.00000E+00 0.00000E+00 % lost data
1.72902E-06 6.64801E+06 6.71650E+06 5.00909E+06 % total
];

MAT_fue1_SF = [
5.35679E-05 4.24060E-05 2.60354E-05 4.36733E-06 % U235
0.00000E+00 7.43201E-07 6.27188E-06 1.36126E-05 % Pu239
0.00000E+00 2.93998E-01 5.39487E+00 4.25993E+01 % Pu240
0.00000E+00 0.00000E+00 0.00000E+00 0.00000E+00 % Pu241
0.00000E+00 2.58569E-11 2.41771E-09 2.32620E-08 % Am241
0.00000E+00 4.24473E-10 2.33005E-07 3.64943E-05 % Am243
0.00000E+00 0.00000E+00 0.00000E+00 0.00000E+00 % Gd155
0.00000E+00 0.00000E+00 0.00000E+00 0.00000E+00 % Gd157
0.00000E+00 0.00000E+00 0.00000E+00 0.00000E+00 % Xe135
0.00000E+00 0.00000E+00 0.00000E+00 0.00000E+00 % Sm149
0.00000E+00 0.00000E+00 0.00000E+00 0.00000E+00 % I131
0.00000E+00 0.00000E+00 0.00000E+00 0.00000E+00 % Cs134
0.00000E+00 0.00000E+00 0.00000E+00 0.00000E+00 % Cs137
0.00000E+00 0.00000E+00 0.00000E+00 0.00000E+00 % lost data
9.39943E+01 9.37434E+01 9.90268E+01 1.76652E+02 % total
];

MAT_fue1_GSRC = [
9.04061E+05 7.15683E+05 4.39398E+05 7.37070E+04 % U235
0.00000E+00 1.05204E+04 8.87813E+04 1.92693E+05 % Pu239
0.00000E+00 5.02515E+05 9.22118E+06 7.28127E+07 % Pu240
0.00000E+00 2.04384E+04 8.11509E+05 6.01936E+06 % Pu241
0.00000E+00 3.78408E+00 3.53825E+02 3.40432E+03 % Am241
0.00000E+00 1.06809E+01 5.86302E+03 9.18293E+05 % Am243
0.00000E+00 0.00000E+00 0.00000E+00 0.00000E+00 % Gd155
0.00000E+00 0.00000E+00 0.00000E+00 0.00000E+00 % Gd157
0.00000E+00 3.54761E+11 3.98908E+11 2.08900E+11 % Xe135
0.00000E+00 0.00000E+00 0.00000E+00 0.00000E+00 % Sm149
0.00000E+00 3.56692E+12 3.54877E+13 1.59409E+14 % I131
0.00000E+00 1.31328E+07 2.97111E+07 7.98101E+07 % Cs134
0.00000E+00 7.20380E+05 2.38706E+06 5.00953E+06 % Cs137
0.00000E+00 0.00000E+00 0.00000E+00 0.00000E+00 % lost data
1.02923E+06 1.03873E+19 1.20988E+19 1.08764E+19 % total
];

MAT_fue1_ING_TOX = [
3.49679E-02 2.76817E-02 1.69954E-02 2.85089E-03 % U235
0.00000E+00 5.99356E-02 5.05796E-01 1.09779E+00 % Pu239
0.00000E+00 1.28946E+00 2.36617E+01 1.86839E+02 % Pu240
0.00000E+00 3.94059E+00 1.56461E+02 1.16055E+03 % Pu241
0.00000E+00 1.20265E-06 1.12452E-04 1.08195E-03 % Am241
0.00000E+00 2.29445E-06 1.25949E-03 1.97267E-01 % Am243
0.00000E+00 0.00000E+00 0.00000E+00 0.00000E+00 % Gd155
0.00000E+00 0.00000E+00 0.00000E+00 0.00000E+00 % Gd157
0.00000E+00 7.48526E+04 8.41673E+04 4.40767E+04 % Xe135
0.00000E+00 0.00000E+00 0.00000E+00 0.00000E+00 % Sm149
0.00000E+00 7.45394E+04 7.41600E+05 3.33122E+06 % I131
0.00000E+00 1.11533E-01 2.52327E-01 6.77802E-01 % Cs134
0.00000E+00 1.61464E+03 5.35031E+03 1.12283E+04 % Cs137
0.00000E+00 0.00000E+00 0.00000E+00 0.00000E+00 % lost data
1.12436E-01 1.49154E+11 1.60827E+11 1.25216E+11 % total
];

MAT_fue1_INH_TOX = [
6.32399E+00 5.00627E+00 3.07363E+00 5.15587E-01 % U235
0.00000E+00 2.87691E+01 2.42782E+02 5.26940E+02 % Pu239
0.00000E+00 6.18942E+02 1.13576E+04 8.96827E+04 % Pu240
0.00000E+00 1.88820E+03 7.49711E+04 5.56097E+05 % Pu241
0.00000E+00 5.77271E-04 5.39768E-02 5.19337E-01 % Am241
0.00000E+00 1.10134E-03 6.04554E-01 9.46880E+01 % Am243
0.00000E+00 0.00000E+00 0.00000E+00 0.00000E+00 % Gd155
0.00000E+00 0.00000E+00 0.00000E+00 0.00000E+00 % Gd157
0.00000E+00 3.92085E+04 4.40876E+04 2.30878E+04 % Xe135
0.00000E+00 0.00000E+00 0.00000E+00 0.00000E+00 % Sm149
0.00000E+00 2.50723E+04 2.49447E+05 1.12050E+06 % I131
0.00000E+00 1.17403E-01 2.65607E-01 7.13476E-01 % Cs134
0.00000E+00 4.84393E+03 1.60509E+04 3.36848E+04 % Cs137
0.00000E+00 0.00000E+00 0.00000E+00 0.00000E+00 % lost data
2.00960E+01 2.07050E+11 2.12637E+11 1.51089E+11 % total
];

