
ZAI = [
922350
942390
942400
942410
952410
952430
641550
641570
541350
621490
531310
551340
551370
666
0
];

NAMES = [
'U235            '
'Pu239           '
'Pu240           '
'Pu241           '
'Am241           '
'Am243           '
'Gd155           '
'Gd157           '
'Xe135           '
'Sm149           '
'I131            '
'Cs134           '
'Cs137           '
'lost            '
'total           '
];

i922350 = 1; iU235             = 1;
i942390 = 2; iPu239            = 2;
i942400 = 3; iPu240            = 3;
i942410 = 4; iPu241            = 4;
i952410 = 5; iAm241            = 5;
i952430 = 6; iAm243            = 6;
i641550 = 7; iGd155            = 7;
i641570 = 8; iGd157            = 8;
i541350 = 9; iXe135            = 9;
i621490 = 10; iSm149            = 10;
i531310 = 11; iI131             = 11;
i551340 = 12; iCs134            = 12;
i551370 = 13; iCs137            = 13;
iLOST    = 14;
iTOT     = 15;

MAT_fue1_VOLUME = [ 1.65945E+01 1.65945E+01 1.65945E+01 1.65945E+01 ];

MAT_fue1_BURNUP = [ 0.00000E+00 1.08478E+01 2.72119E+01 5.58981E+01 ];

MAT_fue1_ADENS = [
1.43700E-03 1.13779E-03 7.00581E-04 1.13683E-04 % U235
0.00000E+00 1.62281E-08 1.37599E-07 2.78685E-07 % Pu239
0.00000E+00 1.01242E-07 1.70705E-06 1.29463E-05 % Pu240
0.00000E+00 2.98163E-08 1.27641E-06 9.66746E-06 % Pu241
0.00000E+00 6.61372E-15 6.79303E-13 6.31376E-12 % Am241
0.00000E+00 1.48448E-13 1.58233E-10 2.21814E-08 % Am243
0.00000E+00 6.09917E-15 5.93787E-15 2.63405E-15 % Gd155
0.00000E+00 3.44274E-12 1.10046E-11 1.68106E-11 % Gd157
0.00000E+00 1.00501E-09 1.15777E-09 5.98780E-10 % Xe135
0.00000E+00 8.96366E-12 3.22807E-11 1.85501E-11 % Sm149
0.00000E+00 2.03018E-07 2.02157E-06 9.10437E-06 % I131
0.00000E+00 3.18726E-11 7.51068E-11 1.98340E-10 % Cs134
0.00000E+00 1.01951E-05 3.38095E-05 7.14948E-05 % Cs137
0.00000E+00 1.69526E-11 4.25894E-11 9.36711E-11 % lost data
6.76182E-02 6.78708E-02 6.82487E-02 6.88165E-02 % total
];

MAT_fue1_MDENS = [
5.60871E-01 4.44086E-01 2.73441E-01 4.43711E-02 % U235
0.00000E+00 6.44194E-06 5.46217E-05 1.10627E-04 % Pu239
0.00000E+00 4.03577E-05 6.80473E-04 5.16073E-03 % Pu240
0.00000E+00 1.19348E-05 5.10918E-04 3.86967E-03 % Pu241
0.00000E+00 2.64741E-12 2.71919E-10 2.52734E-09 % Am241
0.00000E+00 5.99166E-11 6.38661E-08 8.95283E-06 % Am243
0.00000E+00 1.56907E-12 1.52757E-12 6.77635E-13 % Gd155
0.00000E+00 8.97118E-10 2.86761E-09 4.38056E-09 % Gd157
0.00000E+00 2.25143E-07 2.59365E-07 1.34140E-07 % Xe135
0.00000E+00 2.21660E-09 7.98259E-09 4.58720E-09 % Sm149
0.00000E+00 4.41315E-05 4.39443E-04 1.97908E-03 % I131
0.00000E+00 7.08724E-09 1.67009E-08 4.41032E-08 % Cs134
0.00000E+00 2.31779E-03 7.68637E-03 1.62539E-02 % Cs137
0.00000E+00 0.00000E+00 0.00000E+00 0.00000E+00 % lost data
1.01000E+01 1.00989E+01 1.00974E+01 1.00956E+01 % total
];

MAT_fue1_A = [
7.43999E+05 5.89083E+05 3.62721E+05 5.88585E+04 % U235
0.00000E+00 2.45334E+05 2.08020E+06 4.21312E+06 % Pu239
0.00000E+00 5.62443E+06 9.48336E+07 7.19221E+08 % Pu240
0.00000E+00 7.60515E+08 3.25570E+10 2.46585E+11 % Pu241
0.00000E+00 5.57245E+00 5.72352E+02 5.31971E+03 % Am241
0.00000E+00 7.34167E+00 7.82560E+03 1.09700E+06 % Am243
0.00000E+00 0.00000E+00 0.00000E+00 0.00000E+00 % Gd155
0.00000E+00 0.00000E+00 0.00000E+00 0.00000E+00 % Gd157
0.00000E+00 3.51326E+11 4.04728E+11 2.09319E+11 % Xe135
0.00000E+00 0.00000E+00 0.00000E+00 0.00000E+00 % Sm149
0.00000E+00 3.36976E+12 3.35546E+13 1.51117E+14 % I131
0.00000E+00 5.62524E+06 1.32557E+07 3.50053E+07 % Cs134
0.00000E+00 1.23579E+11 4.09819E+11 8.66617E+11 % Cs137
0.00000E+00 0.00000E+00 0.00000E+00 0.00000E+00 % lost data
2.46551E+06 1.45081E+19 1.60181E+19 1.42522E+19 % total
];

MAT_fue1_H = [
5.49835E-07 4.35348E-07 2.68061E-07 4.34980E-08 % U235
0.00000E+00 2.06018E-07 1.74684E-06 3.53794E-06 % Pu239
0.00000E+00 4.73189E-06 7.97845E-05 6.05089E-04 % Pu240
0.00000E+00 6.52509E-07 2.79333E-05 2.11566E-04 % Pu241
0.00000E+00 4.99615E-12 5.13161E-10 4.76956E-09 % Am241
0.00000E+00 6.38875E-12 6.80986E-09 9.54616E-07 % Am243
0.00000E+00 0.00000E+00 0.00000E+00 0.00000E+00 % Gd155
0.00000E+00 0.00000E+00 0.00000E+00 0.00000E+00 % Gd157
0.00000E+00 3.16726E-02 3.64869E-02 1.88705E-02 % Xe135
0.00000E+00 0.00000E+00 0.00000E+00 0.00000E+00 % Sm149
0.00000E+00 3.10402E-01 3.09085E+00 1.39200E+01 % I131
0.00000E+00 1.54880E-06 3.64970E-06 9.63802E-06 % Cs134
0.00000E+00 3.56094E-03 1.18089E-02 2.49716E-02 % Cs137
0.00000E+00 0.00000E+00 0.00000E+00 0.00000E+00 % lost data
1.72902E-06 6.61055E+06 6.70967E+06 5.04947E+06 % total
];

MAT_fue1_SF = [
5.35679E-05 4.24140E-05 2.61159E-05 4.23781E-06 % U235
0.00000E+00 7.60534E-07 6.44863E-06 1.30607E-05 % Pu239
0.00000E+00 3.20592E-01 5.40552E+00 4.09956E+01 % Pu240
0.00000E+00 0.00000E+00 0.00000E+00 0.00000E+00 % Pu241
0.00000E+00 2.39615E-11 2.46112E-09 2.28748E-08 % Am241
0.00000E+00 2.71642E-10 2.89547E-07 4.05891E-05 % Am243
0.00000E+00 0.00000E+00 0.00000E+00 0.00000E+00 % Gd155
0.00000E+00 0.00000E+00 0.00000E+00 0.00000E+00 % Gd157
0.00000E+00 0.00000E+00 0.00000E+00 0.00000E+00 % Xe135
0.00000E+00 0.00000E+00 0.00000E+00 0.00000E+00 % Sm149
0.00000E+00 0.00000E+00 0.00000E+00 0.00000E+00 % I131
0.00000E+00 0.00000E+00 0.00000E+00 0.00000E+00 % Cs134
0.00000E+00 0.00000E+00 0.00000E+00 0.00000E+00 % Cs137
0.00000E+00 0.00000E+00 0.00000E+00 0.00000E+00 % lost data
9.39943E+01 9.37638E+01 9.89979E+01 1.78525E+02 % total
];

MAT_fue1_GSRC = [
9.04061E+05 7.15817E+05 4.40756E+05 7.15212E+04 % U235
0.00000E+00 1.07657E+04 9.12834E+04 1.84880E+05 % Pu239
0.00000E+00 5.47972E+05 9.23937E+06 7.00717E+07 % Pu240
0.00000E+00 1.89337E+04 8.10535E+05 6.13895E+06 % Pu241
0.00000E+00 3.50669E+00 3.60176E+02 3.34765E+03 % Am241
0.00000E+00 6.83522E+00 7.28576E+03 1.02133E+06 % Am243
0.00000E+00 0.00000E+00 0.00000E+00 0.00000E+00 % Gd155
0.00000E+00 0.00000E+00 0.00000E+00 0.00000E+00 % Gd157
0.00000E+00 3.49670E+11 4.02820E+11 2.08333E+11 % Xe135
0.00000E+00 0.00000E+00 0.00000E+00 0.00000E+00 % Sm149
0.00000E+00 3.54756E+12 3.53251E+13 1.59091E+14 % I131
0.00000E+00 1.25849E+07 2.96559E+07 7.83145E+07 % Cs134
0.00000E+00 7.16758E+05 2.37695E+06 5.02638E+06 % Cs137
0.00000E+00 0.00000E+00 0.00000E+00 0.00000E+00 % lost data
1.02923E+06 1.03391E+19 1.20822E+19 1.09753E+19 % total
];

MAT_fue1_ING_TOX = [
3.49679E-02 2.76869E-02 1.70479E-02 2.76635E-03 % U235
0.00000E+00 6.13334E-02 5.20051E-01 1.05328E+00 % Pu239
0.00000E+00 1.40611E+00 2.37084E+01 1.79805E+02 % Pu240
0.00000E+00 3.65047E+00 1.56274E+02 1.18361E+03 % Pu241
0.00000E+00 1.11449E-06 1.14470E-04 1.06394E-03 % Am241
0.00000E+00 1.46833E-06 1.56512E-03 2.19401E-01 % Am243
0.00000E+00 0.00000E+00 0.00000E+00 0.00000E+00 % Gd155
0.00000E+00 0.00000E+00 0.00000E+00 0.00000E+00 % Gd157
0.00000E+00 7.37784E+04 8.49928E+04 4.39570E+04 % Xe135
0.00000E+00 0.00000E+00 0.00000E+00 0.00000E+00 % Sm149
0.00000E+00 7.41347E+04 7.38202E+05 3.32458E+06 % I131
0.00000E+00 1.06880E-01 2.51859E-01 6.65101E-01 % Cs134
0.00000E+00 1.60653E+03 5.32764E+03 1.12660E+04 % Cs137
0.00000E+00 0.00000E+00 0.00000E+00 0.00000E+00 % lost data
1.12436E-01 1.48213E+11 1.60651E+11 1.26196E+11 % total
];

MAT_fue1_INH_TOX = [
6.32399E+00 5.00720E+00 3.08313E+00 5.00297E-01 % U235
0.00000E+00 2.94400E+01 2.49625E+02 5.05574E+02 % Pu239
0.00000E+00 6.74931E+02 1.13800E+04 8.63066E+04 % Pu240
0.00000E+00 1.74918E+03 7.48811E+04 5.67145E+05 % Pu241
0.00000E+00 5.34955E-04 5.49458E-02 5.10692E-01 % Am241
0.00000E+00 7.04801E-04 7.51258E-01 1.05312E+02 % Am243
0.00000E+00 0.00000E+00 0.00000E+00 0.00000E+00 % Gd155
0.00000E+00 0.00000E+00 0.00000E+00 0.00000E+00 % Gd157
0.00000E+00 3.86458E+04 4.45200E+04 2.30251E+04 % Xe135
0.00000E+00 0.00000E+00 0.00000E+00 0.00000E+00 % Sm149
0.00000E+00 2.49362E+04 2.48304E+05 1.11827E+06 % I131
0.00000E+00 1.12505E-01 2.65114E-01 7.00106E-01 % Cs134
0.00000E+00 4.81958E+03 1.59829E+04 3.37981E+04 % Cs137
0.00000E+00 0.00000E+00 0.00000E+00 0.00000E+00 % lost data
2.00960E+01 2.05720E+11 2.12466E+11 1.52299E+11 % total
];

