
ZAI = [
922350
942390
942400
942410
952410
952430
641550
641570
541350
621490
531310
551340
551370
666
0
];

NAMES = [
'U235            '
'Pu239           '
'Pu240           '
'Pu241           '
'Am241           '
'Am243           '
'Gd155           '
'Gd157           '
'Xe135           '
'Sm149           '
'I131            '
'Cs134           '
'Cs137           '
'lost            '
'total           '
];

i922350 = 1; iU235             = 1;
i942390 = 2; iPu239            = 2;
i942400 = 3; iPu240            = 3;
i942410 = 4; iPu241            = 4;
i952410 = 5; iAm241            = 5;
i952430 = 6; iAm243            = 6;
i641550 = 7; iGd155            = 7;
i641570 = 8; iGd157            = 8;
i541350 = 9; iXe135            = 9;
i621490 = 10; iSm149            = 10;
i531310 = 11; iI131             = 11;
i551340 = 12; iCs134            = 12;
i551370 = 13; iCs137            = 13;
iLOST    = 14;
iTOT     = 15;

MAT_fue1_VOLUME = [ 1.65945E+01 1.65945E+01 1.65945E+01 1.65945E+01 ];

MAT_fue1_BURNUP = [ 0.00000E+00 1.09375E+01 2.73059E+01 5.56652E+01 ];

MAT_fue1_ADENS = [
1.43700E-03 1.13558E-03 6.98672E-04 1.17562E-04 % U235
0.00000E+00 1.59139E-08 1.33300E-07 2.80055E-07 % Pu239
0.00000E+00 9.50687E-08 1.68035E-06 1.27946E-05 % Pu240
0.00000E+00 3.19203E-08 1.33487E-06 9.50698E-06 % Pu241
0.00000E+00 7.10683E-15 6.96357E-13 6.15610E-12 % Am241
0.00000E+00 1.85071E-13 1.84353E-10 2.03164E-08 % Am243
0.00000E+00 6.16334E-15 5.91525E-15 2.54888E-15 % Gd155
0.00000E+00 3.39247E-12 1.12430E-11 1.69569E-11 % Gd157
0.00000E+00 9.95962E-10 1.15458E-09 6.06674E-10 % Xe135
0.00000E+00 8.94613E-12 3.17987E-11 1.89190E-11 % Sm149
0.00000E+00 2.04641E-07 2.03102E-06 9.11946E-06 % I131
0.00000E+00 3.23295E-11 7.49304E-11 2.17991E-10 % Cs134
0.00000E+00 1.02728E-05 3.38996E-05 7.11700E-05 % Cs137
0.00000E+00 1.70311E-11 4.23061E-11 9.33674E-11 % lost data
6.76182E-02 6.78727E-02 6.82502E-02 6.88116E-02 % total
];

MAT_fue1_MDENS = [
5.60871E-01 4.43222E-01 2.72696E-01 4.58851E-02 % U235
0.00000E+00 6.31722E-06 5.29148E-05 1.11171E-04 % Pu239
0.00000E+00 3.78969E-05 6.69830E-04 5.10027E-03 % Pu240
0.00000E+00 1.27770E-05 5.34318E-04 3.80543E-03 % Pu241
0.00000E+00 2.84480E-12 2.78745E-10 2.46423E-09 % Am241
0.00000E+00 7.46984E-11 7.44083E-08 8.20010E-06 % Am243
0.00000E+00 1.58558E-12 1.52176E-12 6.55723E-13 % Gd155
0.00000E+00 8.84019E-10 2.92974E-09 4.41868E-09 % Gd157
0.00000E+00 2.23117E-07 2.58652E-07 1.35908E-07 % Xe135
0.00000E+00 2.21226E-09 7.86340E-09 4.67842E-09 % Sm149
0.00000E+00 4.44843E-05 4.41499E-04 1.98236E-03 % I131
0.00000E+00 7.18885E-09 1.66617E-08 4.84729E-08 % Cs134
0.00000E+00 2.33545E-03 7.70685E-03 1.61800E-02 % Cs137
0.00000E+00 0.00000E+00 0.00000E+00 0.00000E+00 % lost data
1.01000E+01 1.00989E+01 1.00974E+01 1.00956E+01 % total
];

MAT_fue1_A = [
7.43999E+05 5.87936E+05 3.61733E+05 6.08668E+04 % U235
0.00000E+00 2.40584E+05 2.01520E+06 4.23382E+06 % Pu239
0.00000E+00 5.28147E+06 9.33504E+07 7.10796E+08 % Pu240
0.00000E+00 8.14180E+08 3.40481E+10 2.42491E+11 % Pu241
0.00000E+00 5.98792E+00 5.86721E+02 5.18688E+03 % Am241
0.00000E+00 9.15290E+00 9.11736E+03 1.00477E+06 % Am243
0.00000E+00 0.00000E+00 0.00000E+00 0.00000E+00 % Gd155
0.00000E+00 0.00000E+00 0.00000E+00 0.00000E+00 % Gd157
0.00000E+00 3.48164E+11 4.03615E+11 2.12079E+11 % Xe135
0.00000E+00 0.00000E+00 0.00000E+00 0.00000E+00 % Sm149
0.00000E+00 3.39670E+12 3.37116E+13 1.51368E+14 % I131
0.00000E+00 5.70588E+06 1.32246E+07 3.84736E+07 % Cs134
0.00000E+00 1.24521E+11 4.10911E+11 8.62680E+11 % Cs137
0.00000E+00 0.00000E+00 0.00000E+00 0.00000E+00 % lost data
2.46551E+06 1.45808E+19 1.59990E+19 1.41051E+19 % total
];

MAT_fue1_H = [
5.49835E-07 4.34501E-07 2.67330E-07 4.49822E-08 % U235
0.00000E+00 2.02029E-07 1.69225E-06 3.55533E-06 % Pu239
0.00000E+00 4.44336E-06 7.85367E-05 5.98000E-04 % Pu240
0.00000E+00 6.98553E-07 2.92127E-05 2.08054E-04 % Pu241
0.00000E+00 5.36866E-12 5.26044E-10 4.65046E-09 % Am241
0.00000E+00 7.96489E-12 7.93395E-09 8.74354E-07 % Am243
0.00000E+00 0.00000E+00 0.00000E+00 0.00000E+00 % Gd155
0.00000E+00 0.00000E+00 0.00000E+00 0.00000E+00 % Gd157
0.00000E+00 3.13876E-02 3.63865E-02 1.91192E-02 % Xe135
0.00000E+00 0.00000E+00 0.00000E+00 0.00000E+00 % Sm149
0.00000E+00 3.12883E-01 3.10531E+00 1.39431E+01 % I131
0.00000E+00 1.57100E-06 3.64113E-06 1.05929E-05 % Cs134
0.00000E+00 3.58807E-03 1.18404E-02 2.48582E-02 % Cs137
0.00000E+00 0.00000E+00 0.00000E+00 0.00000E+00 % lost data
1.72902E-06 6.64928E+06 6.69566E+06 5.01636E+06 % total
];

MAT_fue1_SF = [
5.35679E-05 4.23314E-05 2.60448E-05 4.38241E-06 % U235
0.00000E+00 7.45810E-07 6.24712E-06 1.31249E-05 % Pu239
0.00000E+00 3.01044E-01 5.32098E+00 4.05153E+01 % Pu240
0.00000E+00 0.00000E+00 0.00000E+00 0.00000E+00 % Pu241
0.00000E+00 2.57481E-11 2.52290E-09 2.23036E-08 % Am241
0.00000E+00 3.38657E-10 3.37342E-07 3.71765E-05 % Am243
0.00000E+00 0.00000E+00 0.00000E+00 0.00000E+00 % Gd155
0.00000E+00 0.00000E+00 0.00000E+00 0.00000E+00 % Gd157
0.00000E+00 0.00000E+00 0.00000E+00 0.00000E+00 % Xe135
0.00000E+00 0.00000E+00 0.00000E+00 0.00000E+00 % Sm149
0.00000E+00 0.00000E+00 0.00000E+00 0.00000E+00 % I131
0.00000E+00 0.00000E+00 0.00000E+00 0.00000E+00 % Cs134
0.00000E+00 0.00000E+00 0.00000E+00 0.00000E+00 % Cs137
0.00000E+00 0.00000E+00 0.00000E+00 0.00000E+00 % lost data
9.39943E+01 9.37528E+01 9.89838E+01 1.76953E+02 % total
];

MAT_fue1_GSRC = [
9.04061E+05 7.14424E+05 4.39555E+05 7.39616E+04 % U235
0.00000E+00 1.05573E+04 8.84308E+04 1.85788E+05 % Pu239
0.00000E+00 5.14558E+05 9.09487E+06 6.92508E+07 % Pu240
0.00000E+00 2.02697E+04 8.47657E+05 6.03704E+06 % Pu241
0.00000E+00 3.76815E+00 3.69219E+02 3.26406E+03 % Am241
0.00000E+00 8.52150E+00 8.48841E+03 9.35457E+05 % Am243
0.00000E+00 0.00000E+00 0.00000E+00 0.00000E+00 % Gd155
0.00000E+00 0.00000E+00 0.00000E+00 0.00000E+00 % Gd157
0.00000E+00 3.46524E+11 4.01713E+11 2.11079E+11 % Xe135
0.00000E+00 0.00000E+00 0.00000E+00 0.00000E+00 % Sm149
0.00000E+00 3.57592E+12 3.54903E+13 1.59354E+14 % I131
0.00000E+00 1.27653E+07 2.95863E+07 8.60737E+07 % Cs134
0.00000E+00 7.22219E+05 2.38328E+06 5.00354E+06 % Cs137
0.00000E+00 0.00000E+00 0.00000E+00 0.00000E+00 % lost data
1.02923E+06 1.03920E+19 1.20672E+19 1.08876E+19 % total
];

MAT_fue1_ING_TOX = [
3.49679E-02 2.76330E-02 1.70014E-02 2.86074E-03 % U235
0.00000E+00 6.01459E-02 5.03800E-01 1.05846E+00 % Pu239
0.00000E+00 1.32037E+00 2.33376E+01 1.77699E+02 % Pu240
0.00000E+00 3.90807E+00 1.63431E+02 1.16396E+03 % Pu241
0.00000E+00 1.19758E-06 1.17344E-04 1.03738E-03 % Am241
0.00000E+00 1.83058E-06 1.82347E-03 2.00954E-01 % Am243
0.00000E+00 0.00000E+00 0.00000E+00 0.00000E+00 % Gd155
0.00000E+00 0.00000E+00 0.00000E+00 0.00000E+00 % Gd157
0.00000E+00 7.31145E+04 8.47591E+04 4.45365E+04 % Xe135
0.00000E+00 0.00000E+00 0.00000E+00 0.00000E+00 % Sm149
0.00000E+00 7.47273E+04 7.41655E+05 3.33009E+06 % I131
0.00000E+00 1.08412E-01 2.51267E-01 7.30998E-01 % Cs134
0.00000E+00 1.61877E+03 5.34184E+03 1.12148E+04 % Cs137
0.00000E+00 0.00000E+00 0.00000E+00 0.00000E+00 % lost data
1.12436E-01 1.49129E+11 1.60273E+11 1.25451E+11 % total
];

MAT_fue1_INH_TOX = [
6.32399E+00 4.99746E+00 3.07473E+00 5.17368E-01 % U235
0.00000E+00 2.88701E+01 2.41824E+02 5.08059E+02 % Pu239
0.00000E+00 6.33776E+02 1.12021E+04 8.52955E+04 % Pu240
0.00000E+00 1.87261E+03 7.83106E+04 5.57730E+05 % Pu241
0.00000E+00 5.74840E-04 5.63253E-02 4.97940E-01 % Am241
0.00000E+00 8.78679E-04 8.75266E-01 9.64579E+01 % Am243
0.00000E+00 0.00000E+00 0.00000E+00 0.00000E+00 % Gd155
0.00000E+00 0.00000E+00 0.00000E+00 0.00000E+00 % Gd157
0.00000E+00 3.82981E+04 4.43976E+04 2.33286E+04 % Xe135
0.00000E+00 0.00000E+00 0.00000E+00 0.00000E+00 % Sm149
0.00000E+00 2.51355E+04 2.49466E+05 1.12012E+06 % I131
0.00000E+00 1.14118E-01 2.64492E-01 7.69471E-01 % Cs134
0.00000E+00 4.85630E+03 1.60255E+04 3.36445E+04 % Cs137
0.00000E+00 0.00000E+00 0.00000E+00 0.00000E+00 % lost data
2.00960E+01 2.06983E+11 2.11888E+11 1.51433E+11 % total
];

