
ZAI = [
922350
942390
942400
942410
952410
952430
641550
641570
541350
621490
531310
551340
551370
666
0
];

NAMES = [
'U235            '
'Pu239           '
'Pu240           '
'Pu241           '
'Am241           '
'Am243           '
'Gd155           '
'Gd157           '
'Xe135           '
'Sm149           '
'I131            '
'Cs134           '
'Cs137           '
'lost            '
'total           '
];

i922350 = 1; iU235             = 1;
i942390 = 2; iPu239            = 2;
i942400 = 3; iPu240            = 3;
i942410 = 4; iPu241            = 4;
i952410 = 5; iAm241            = 5;
i952430 = 6; iAm243            = 6;
i641550 = 7; iGd155            = 7;
i641570 = 8; iGd157            = 8;
i541350 = 9; iXe135            = 9;
i621490 = 10; iSm149            = 10;
i531310 = 11; iI131             = 11;
i551340 = 12; iCs134            = 12;
i551370 = 13; iCs137            = 13;
iLOST    = 14;
iTOT     = 15;

MAT_fue1_VOLUME = [ 1.65945E+01 1.65945E+01 1.65945E+01 1.65945E+01 ];

MAT_fue1_BURNUP = [ 0.00000E+00 1.09269E+01 2.74461E+01 5.55401E+01 ];

MAT_fue1_ADENS = [
1.43700E-03 1.13503E-03 6.94701E-04 1.17070E-04 % U235
0.00000E+00 1.59153E-08 1.30982E-07 2.75897E-07 % Pu239
0.00000E+00 9.19245E-08 1.69064E-06 1.17607E-05 % Pu240
0.00000E+00 4.11291E-08 1.23977E-06 9.71642E-06 % Pu241
0.00000E+00 9.17022E-15 6.57504E-13 6.38608E-12 % Am241
0.00000E+00 2.53907E-13 1.52969E-10 2.17612E-08 % Am243
0.00000E+00 5.98928E-15 5.72261E-15 2.64165E-15 % Gd155
0.00000E+00 3.55811E-12 1.11195E-11 1.72403E-11 % Gd157
0.00000E+00 1.03321E-09 1.14782E-09 6.11383E-10 % Xe135
0.00000E+00 9.14615E-12 3.15929E-11 1.91648E-11 % Sm149
0.00000E+00 2.04693E-07 2.03742E-06 9.13465E-06 % I131
0.00000E+00 3.20835E-11 7.39724E-11 1.99023E-10 % Cs134
0.00000E+00 1.02780E-05 3.40806E-05 7.11170E-05 % Cs137
0.00000E+00 1.70335E-11 4.24763E-11 9.08407E-11 % lost data
6.76182E-02 6.78728E-02 6.82534E-02 6.88095E-02 % total
];

MAT_fue1_MDENS = [
5.60871E-01 4.43009E-01 2.71146E-01 4.56929E-02 % U235
0.00000E+00 6.31776E-06 5.19948E-05 1.09521E-04 % Pu239
0.00000E+00 3.66435E-05 6.73932E-04 4.68811E-03 % Pu240
0.00000E+00 1.64630E-05 4.96253E-04 3.88926E-03 % Pu241
0.00000E+00 3.67076E-12 2.63193E-10 2.55629E-09 % Am241
0.00000E+00 1.02482E-10 6.17415E-08 8.78323E-06 % Am243
0.00000E+00 1.54080E-12 1.47220E-12 6.79591E-13 % Gd155
0.00000E+00 9.27183E-10 2.89756E-09 4.49252E-09 % Gd157
0.00000E+00 2.31462E-07 2.57136E-07 1.36963E-07 % Xe135
0.00000E+00 2.26172E-09 7.81250E-09 4.73920E-09 % Sm149
0.00000E+00 4.44956E-05 4.42889E-04 1.98567E-03 % I131
0.00000E+00 7.13416E-09 1.64487E-08 4.42551E-08 % Cs134
0.00000E+00 2.33663E-03 7.74800E-03 1.61680E-02 % Cs137
0.00000E+00 0.00000E+00 0.00000E+00 0.00000E+00 % lost data
1.01000E+01 1.00989E+01 1.00973E+01 1.00956E+01 % total
];

MAT_fue1_A = [
7.43999E+05 5.87655E+05 3.59677E+05 6.06120E+04 % U235
0.00000E+00 2.40604E+05 1.98016E+06 4.17096E+06 % Pu239
0.00000E+00 5.10679E+06 9.39220E+07 6.53355E+08 % Pu240
0.00000E+00 1.04907E+09 3.16225E+10 2.47834E+11 % Pu241
0.00000E+00 7.72645E+00 5.53986E+02 5.38064E+03 % Am241
0.00000E+00 1.25573E+01 7.56527E+03 1.07622E+06 % Am243
0.00000E+00 0.00000E+00 0.00000E+00 0.00000E+00 % Gd155
0.00000E+00 0.00000E+00 0.00000E+00 0.00000E+00 % Gd157
0.00000E+00 3.61185E+11 4.01249E+11 2.13725E+11 % Xe135
0.00000E+00 0.00000E+00 0.00000E+00 0.00000E+00 % Sm149
0.00000E+00 3.39756E+12 3.38178E+13 1.51620E+14 % I131
0.00000E+00 5.66248E+06 1.30555E+07 3.51258E+07 % Cs134
0.00000E+00 1.24584E+11 4.13105E+11 8.62038E+11 % Cs137
0.00000E+00 0.00000E+00 0.00000E+00 0.00000E+00 % lost data
2.46551E+06 1.45954E+19 1.60749E+19 1.40229E+19 % total
];

MAT_fue1_H = [
5.49835E-07 4.34292E-07 2.65811E-07 4.47939E-08 % U235
0.00000E+00 2.02046E-07 1.66283E-06 3.50254E-06 % Pu239
0.00000E+00 4.29640E-06 7.90176E-05 5.49674E-04 % Pu240
0.00000E+00 9.00081E-07 2.71316E-05 2.12637E-04 % Pu241
0.00000E+00 6.92740E-12 4.96694E-10 4.82419E-09 % Am241
0.00000E+00 1.09274E-11 6.58332E-09 9.36532E-07 % Am243
0.00000E+00 0.00000E+00 0.00000E+00 0.00000E+00 % Gd155
0.00000E+00 0.00000E+00 0.00000E+00 0.00000E+00 % Gd157
0.00000E+00 3.25614E-02 3.61732E-02 1.92676E-02 % Xe135
0.00000E+00 0.00000E+00 0.00000E+00 0.00000E+00 % Sm149
0.00000E+00 3.12963E-01 3.11509E+00 1.39663E+01 % I131
0.00000E+00 1.55905E-06 3.59458E-06 9.67121E-06 % Cs134
0.00000E+00 3.58988E-03 1.19036E-02 2.48397E-02 % Cs137
0.00000E+00 0.00000E+00 0.00000E+00 0.00000E+00 % lost data
1.72902E-06 6.65408E+06 6.74013E+06 4.97422E+06 % total
];

MAT_fue1_SF = [
5.35679E-05 4.23111E-05 2.58967E-05 4.36406E-06 % U235
0.00000E+00 7.45874E-07 6.13850E-06 1.29300E-05 % Pu239
0.00000E+00 2.91087E-01 5.35356E+00 3.72412E+01 % Pu240
0.00000E+00 0.00000E+00 0.00000E+00 0.00000E+00 % Pu241
0.00000E+00 3.32238E-11 2.38214E-09 2.31368E-08 % Am241
0.00000E+00 4.64619E-10 2.79915E-07 3.98202E-05 % Am243
0.00000E+00 0.00000E+00 0.00000E+00 0.00000E+00 % Gd155
0.00000E+00 0.00000E+00 0.00000E+00 0.00000E+00 % Gd157
0.00000E+00 0.00000E+00 0.00000E+00 0.00000E+00 % Xe135
0.00000E+00 0.00000E+00 0.00000E+00 0.00000E+00 % Sm149
0.00000E+00 0.00000E+00 0.00000E+00 0.00000E+00 % I131
0.00000E+00 0.00000E+00 0.00000E+00 0.00000E+00 % Cs134
0.00000E+00 0.00000E+00 0.00000E+00 0.00000E+00 % Cs137
0.00000E+00 0.00000E+00 0.00000E+00 0.00000E+00 % lost data
9.39943E+01 9.37414E+01 9.90105E+01 1.75239E+02 % total
];

MAT_fue1_GSRC = [
9.04061E+05 7.14082E+05 4.37057E+05 7.36519E+04 % U235
0.00000E+00 1.05582E+04 8.68934E+04 1.83030E+05 % Pu239
0.00000E+00 4.97540E+05 9.15055E+06 6.36545E+07 % Pu240
0.00000E+00 2.61174E+04 7.87270E+05 6.17004E+06 % Pu241
0.00000E+00 4.86219E+00 3.48619E+02 3.38599E+03 % Am241
0.00000E+00 1.16910E+01 7.04339E+03 1.00198E+06 % Am243
0.00000E+00 0.00000E+00 0.00000E+00 0.00000E+00 % Gd155
0.00000E+00 0.00000E+00 0.00000E+00 0.00000E+00 % Gd157
0.00000E+00 3.59483E+11 3.99358E+11 2.12718E+11 % Xe135
0.00000E+00 0.00000E+00 0.00000E+00 0.00000E+00 % Sm149
0.00000E+00 3.57683E+12 3.56021E+13 1.59620E+14 % I131
0.00000E+00 1.26682E+07 2.92080E+07 7.85842E+07 % Cs134
0.00000E+00 7.22584E+05 2.39601E+06 4.99982E+06 % Cs137
0.00000E+00 0.00000E+00 0.00000E+00 0.00000E+00 % lost data
1.02923E+06 1.04015E+19 1.21333E+19 1.08143E+19 % total
];

MAT_fue1_ING_TOX = [
3.49679E-02 2.76198E-02 1.69048E-02 2.84876E-03 % U235
0.00000E+00 6.01511E-02 4.95041E-01 1.04274E+00 % Pu239
0.00000E+00 1.27670E+00 2.34805E+01 1.63339E+02 % Pu240
0.00000E+00 5.03552E+00 1.51788E+02 1.18960E+03 % Pu241
0.00000E+00 1.54529E-06 1.10797E-04 1.07613E-03 % Am241
0.00000E+00 2.51145E-06 1.51305E-03 2.15244E-01 % Am243
0.00000E+00 0.00000E+00 0.00000E+00 0.00000E+00 % Gd155
0.00000E+00 0.00000E+00 0.00000E+00 0.00000E+00 % Gd157
0.00000E+00 7.58489E+04 8.42622E+04 4.48822E+04 % Xe135
0.00000E+00 0.00000E+00 0.00000E+00 0.00000E+00 % Sm149
0.00000E+00 7.47463E+04 7.43991E+05 3.33564E+06 % I131
0.00000E+00 1.07587E-01 2.48055E-01 6.67391E-01 % Cs134
0.00000E+00 1.61959E+03 5.37037E+03 1.12065E+04 % Cs137
0.00000E+00 0.00000E+00 0.00000E+00 0.00000E+00 % lost data
1.12436E-01 1.49232E+11 1.61486E+11 1.24258E+11 % total
];

MAT_fue1_INH_TOX = [
6.32399E+00 4.99507E+00 3.05725E+00 5.15202E-01 % U235
0.00000E+00 2.88725E+01 2.37620E+02 5.00516E+02 % Pu239
0.00000E+00 6.12815E+02 1.12706E+04 7.84026E+04 % Pu240
0.00000E+00 2.41285E+03 7.27318E+04 5.70018E+05 % Pu241
0.00000E+00 7.41740E-04 5.31827E-02 5.16542E-01 % Am241
0.00000E+00 1.20550E-03 7.26266E-01 1.03317E+02 % Am243
0.00000E+00 0.00000E+00 0.00000E+00 0.00000E+00 % Gd155
0.00000E+00 0.00000E+00 0.00000E+00 0.00000E+00 % Gd157
0.00000E+00 3.97304E+04 4.41373E+04 2.35097E+04 % Xe135
0.00000E+00 0.00000E+00 0.00000E+00 0.00000E+00 % Sm149
0.00000E+00 2.51419E+04 2.50252E+05 1.12199E+06 % I131
0.00000E+00 1.13250E-01 2.61110E-01 7.02517E-01 % Cs134
0.00000E+00 4.85876E+03 1.61111E+04 3.36195E+04 % Cs137
0.00000E+00 0.00000E+00 0.00000E+00 0.00000E+00 % lost data
2.00960E+01 2.07126E+11 2.13519E+11 1.49747E+11 % total
];

