
ZAI = [
922350
942390
942400
942410
952410
952430
641550
641570
541350
621490
531310
551340
551370
666
0
];

NAMES = [
'U235            '
'Pu239           '
'Pu240           '
'Pu241           '
'Am241           '
'Am243           '
'Gd155           '
'Gd157           '
'Xe135           '
'Sm149           '
'I131            '
'Cs134           '
'Cs137           '
'lost            '
'total           '
];

i922350 = 1; iU235             = 1;
i942390 = 2; iPu239            = 2;
i942400 = 3; iPu240            = 3;
i942410 = 4; iPu241            = 4;
i952410 = 5; iAm241            = 5;
i952430 = 6; iAm243            = 6;
i641550 = 7; iGd155            = 7;
i641570 = 8; iGd157            = 8;
i541350 = 9; iXe135            = 9;
i621490 = 10; iSm149            = 10;
i531310 = 11; iI131             = 11;
i551340 = 12; iCs134            = 12;
i551370 = 13; iCs137            = 13;
iLOST    = 14;
iTOT     = 15;

MAT_fue1_VOLUME = [ 1.65945E+01 1.65945E+01 1.65945E+01 1.65945E+01 ];

MAT_fue1_BURNUP = [ 0.00000E+00 1.10613E+01 2.76174E+01 5.55032E+01 ];

MAT_fue1_ADENS = [
1.43700E-03 1.13162E-03 6.91029E-04 1.17202E-04 % U235
0.00000E+00 1.58859E-08 1.34621E-07 2.91204E-07 % Pu239
0.00000E+00 9.60362E-08 1.81806E-06 1.28353E-05 % Pu240
0.00000E+00 3.40034E-08 1.28397E-06 9.95348E-06 % Pu241
0.00000E+00 7.56260E-15 6.72519E-13 6.63503E-12 % Am241
0.00000E+00 2.40336E-13 1.57889E-10 1.98758E-08 % Am243
0.00000E+00 5.98821E-15 5.62411E-15 2.57180E-15 % Gd155
0.00000E+00 3.30475E-12 1.09936E-11 1.68610E-11 % Gd157
0.00000E+00 9.85353E-10 1.15194E-09 6.07145E-10 % Xe135
0.00000E+00 8.83394E-12 3.19395E-11 1.91804E-11 % Sm149
0.00000E+00 2.07115E-07 2.05256E-06 9.14772E-06 % I131
0.00000E+00 3.26737E-11 7.47480E-11 1.97791E-10 % Cs134
0.00000E+00 1.03937E-05 3.42461E-05 7.11078E-05 % Cs137
0.00000E+00 1.71827E-11 4.24999E-11 9.09859E-11 % lost data
6.76182E-02 6.78756E-02 6.82559E-02 6.88091E-02 % total
];

MAT_fue1_MDENS = [
5.60871E-01 4.41676E-01 2.69713E-01 4.57446E-02 % U235
0.00000E+00 6.30611E-06 5.34393E-05 1.15597E-04 % Pu239
0.00000E+00 3.82825E-05 7.24724E-04 5.11648E-03 % Pu240
0.00000E+00 1.36108E-05 5.13945E-04 3.98415E-03 % Pu241
0.00000E+00 3.02724E-12 2.69203E-10 2.65594E-09 % Am241
0.00000E+00 9.70045E-11 6.37270E-08 8.02224E-06 % Am243
0.00000E+00 1.54053E-12 1.44686E-12 6.61621E-13 % Gd155
0.00000E+00 8.61162E-10 2.86474E-09 4.39369E-09 % Gd157
0.00000E+00 2.20741E-07 2.58060E-07 1.36014E-07 % Xe135
0.00000E+00 2.18452E-09 7.89821E-09 4.74306E-09 % Sm149
0.00000E+00 4.50221E-05 4.46179E-04 1.98851E-03 % I131
0.00000E+00 7.26539E-09 1.66211E-08 4.39812E-08 % Cs134
0.00000E+00 2.36293E-03 7.78561E-03 1.61659E-02 % Cs137
0.00000E+00 0.00000E+00 0.00000E+00 0.00000E+00 % lost data
1.01000E+01 1.00989E+01 1.00973E+01 1.00957E+01 % total
];

MAT_fue1_A = [
7.43999E+05 5.85887E+05 3.57776E+05 6.06805E+04 % U235
0.00000E+00 2.40161E+05 2.03517E+06 4.40237E+06 % Pu239
0.00000E+00 5.33522E+06 1.01001E+08 7.13055E+08 % Pu240
0.00000E+00 8.67314E+08 3.27499E+10 2.53880E+11 % Pu241
0.00000E+00 6.37194E+00 5.66637E+02 5.59040E+03 % Am241
0.00000E+00 1.18861E+01 7.80856E+03 9.82977E+05 % Am243
0.00000E+00 0.00000E+00 0.00000E+00 0.00000E+00 % Gd155
0.00000E+00 0.00000E+00 0.00000E+00 0.00000E+00 % Gd157
0.00000E+00 3.44456E+11 4.02691E+11 2.12243E+11 % Xe135
0.00000E+00 0.00000E+00 0.00000E+00 0.00000E+00 % Sm149
0.00000E+00 3.43776E+12 3.40690E+13 1.51837E+14 % I131
0.00000E+00 5.76663E+06 1.31924E+07 3.49085E+07 % Cs134
0.00000E+00 1.25986E+11 4.15110E+11 8.61926E+11 % Cs137
0.00000E+00 0.00000E+00 0.00000E+00 0.00000E+00 % lost data
2.46551E+06 1.47217E+19 1.61448E+19 1.40812E+19 % total
];

MAT_fue1_H = [
5.49835E-07 4.32986E-07 2.64406E-07 4.48445E-08 % U235
0.00000E+00 2.01674E-07 1.70902E-06 3.69686E-06 % Pu239
0.00000E+00 4.48858E-06 8.49729E-05 5.99900E-04 % Pu240
0.00000E+00 7.44141E-07 2.80989E-05 2.17825E-04 % Pu241
0.00000E+00 5.71296E-12 5.08036E-10 5.01225E-09 % Am241
0.00000E+00 1.03433E-11 6.79503E-09 8.55390E-07 % Am243
0.00000E+00 0.00000E+00 0.00000E+00 0.00000E+00 % Gd155
0.00000E+00 0.00000E+00 0.00000E+00 0.00000E+00 % Gd157
0.00000E+00 3.10532E-02 3.63032E-02 1.91341E-02 % Xe135
0.00000E+00 0.00000E+00 0.00000E+00 0.00000E+00 % Sm149
0.00000E+00 3.16666E-01 3.13823E+00 1.39863E+01 % I131
0.00000E+00 1.58773E-06 3.63227E-06 9.61137E-06 % Cs134
0.00000E+00 3.63029E-03 1.19614E-02 2.48365E-02 % Cs137
0.00000E+00 0.00000E+00 0.00000E+00 0.00000E+00 % lost data
1.72902E-06 6.71505E+06 6.74372E+06 4.98314E+06 % total
];

MAT_fue1_SF = [
5.35679E-05 4.21838E-05 2.57599E-05 4.36900E-06 % U235
0.00000E+00 7.44499E-07 6.30903E-06 1.36473E-05 % Pu239
0.00000E+00 3.04107E-01 5.75704E+00 4.06441E+01 % Pu240
0.00000E+00 0.00000E+00 0.00000E+00 0.00000E+00 % Pu241
0.00000E+00 2.73993E-11 2.43654E-09 2.40387E-08 % Am241
0.00000E+00 4.39786E-10 2.88917E-07 3.63701E-05 % Am243
0.00000E+00 0.00000E+00 0.00000E+00 0.00000E+00 % Gd155
0.00000E+00 0.00000E+00 0.00000E+00 0.00000E+00 % Gd157
0.00000E+00 0.00000E+00 0.00000E+00 0.00000E+00 % Xe135
0.00000E+00 0.00000E+00 0.00000E+00 0.00000E+00 % Sm149
0.00000E+00 0.00000E+00 0.00000E+00 0.00000E+00 % I131
0.00000E+00 0.00000E+00 0.00000E+00 0.00000E+00 % Cs134
0.00000E+00 0.00000E+00 0.00000E+00 0.00000E+00 % Cs137
0.00000E+00 0.00000E+00 0.00000E+00 0.00000E+00 % lost data
9.39943E+01 9.37556E+01 9.93606E+01 1.78322E+02 % total
];

MAT_fue1_GSRC = [
9.04061E+05 7.11933E+05 4.34747E+05 7.37352E+04 % U235
0.00000E+00 1.05387E+04 8.93073E+04 1.93184E+05 % Pu239
0.00000E+00 5.19795E+05 9.84021E+06 6.94709E+07 % Pu240
0.00000E+00 2.15926E+04 8.15338E+05 6.32057E+06 % Pu241
0.00000E+00 4.00980E+00 3.56580E+02 3.51799E+03 % Am241
0.00000E+00 1.10661E+01 7.26989E+03 9.15168E+05 % Am243
0.00000E+00 0.00000E+00 0.00000E+00 0.00000E+00 % Gd155
0.00000E+00 0.00000E+00 0.00000E+00 0.00000E+00 % Gd157
0.00000E+00 3.42832E+11 4.00793E+11 2.11243E+11 % Xe135
0.00000E+00 0.00000E+00 0.00000E+00 0.00000E+00 % Sm149
0.00000E+00 3.61915E+12 3.58666E+13 1.59848E+14 % I131
0.00000E+00 1.29012E+07 2.95143E+07 7.80979E+07 % Cs134
0.00000E+00 7.30717E+05 2.40764E+06 4.99917E+06 % Cs137
0.00000E+00 0.00000E+00 0.00000E+00 0.00000E+00 % lost data
1.02923E+06 1.04927E+19 1.21789E+19 1.08436E+19 % total
];

MAT_fue1_ING_TOX = [
3.49679E-02 2.75367E-02 1.68155E-02 2.85198E-03 % U235
0.00000E+00 6.00402E-02 5.08793E-01 1.10059E+00 % Pu239
0.00000E+00 1.33380E+00 2.52502E+01 1.78264E+02 % Pu240
0.00000E+00 4.16311E+00 1.57200E+02 1.21862E+03 % Pu241
0.00000E+00 1.27439E-06 1.13327E-04 1.11808E-03 % Am241
0.00000E+00 2.37722E-06 1.56171E-03 1.96595E-01 % Am243
0.00000E+00 0.00000E+00 0.00000E+00 0.00000E+00 % Gd155
0.00000E+00 0.00000E+00 0.00000E+00 0.00000E+00 % Gd157
0.00000E+00 7.23357E+04 8.45651E+04 4.45711E+04 % Xe135
0.00000E+00 0.00000E+00 0.00000E+00 0.00000E+00 % Sm149
0.00000E+00 7.56307E+04 7.49518E+05 3.34041E+06 % I131
0.00000E+00 1.09566E-01 2.50656E-01 6.63261E-01 % Cs134
0.00000E+00 1.63781E+03 5.39643E+03 1.12050E+04 % Cs137
0.00000E+00 0.00000E+00 0.00000E+00 0.00000E+00 % lost data
1.12436E-01 1.50664E+11 1.61493E+11 1.24327E+11 % total
];

MAT_fue1_INH_TOX = [
6.32399E+00 4.98004E+00 3.04110E+00 5.15784E-01 % U235
0.00000E+00 2.88193E+01 2.44221E+02 5.28284E+02 % Pu239
0.00000E+00 6.40226E+02 1.21201E+04 8.55666E+04 % Pu240
0.00000E+00 1.99482E+03 7.53248E+04 5.83924E+05 % Pu241
0.00000E+00 6.11706E-04 5.43971E-02 5.36679E-01 % Am241
0.00000E+00 1.14107E-03 7.49621E-01 9.43658E+01 % Am243
0.00000E+00 0.00000E+00 0.00000E+00 0.00000E+00 % Gd155
0.00000E+00 0.00000E+00 0.00000E+00 0.00000E+00 % Gd157
0.00000E+00 3.78901E+04 4.42960E+04 2.33467E+04 % Xe135
0.00000E+00 0.00000E+00 0.00000E+00 0.00000E+00 % Sm149
0.00000E+00 2.54394E+04 2.52110E+05 1.12359E+06 % I131
0.00000E+00 1.15333E-01 2.63848E-01 6.98170E-01 % Cs134
0.00000E+00 4.91344E+03 1.61893E+04 3.36151E+04 % Cs137
0.00000E+00 0.00000E+00 0.00000E+00 0.00000E+00 % lost data
2.00960E+01 2.09104E+11 2.13451E+11 1.49868E+11 % total
];

