
ZAI = [
922350
942390
942400
942410
952410
952430
641550
641570
541350
621490
531310
551340
551370
666
0
];

NAMES = [
'U235            '
'Pu239           '
'Pu240           '
'Pu241           '
'Am241           '
'Am243           '
'Gd155           '
'Gd157           '
'Xe135           '
'Sm149           '
'I131            '
'Cs134           '
'Cs137           '
'lost            '
'total           '
];

i922350 = 1; iU235             = 1;
i942390 = 2; iPu239            = 2;
i942400 = 3; iPu240            = 3;
i942410 = 4; iPu241            = 4;
i952410 = 5; iAm241            = 5;
i952430 = 6; iAm243            = 6;
i641550 = 7; iGd155            = 7;
i641570 = 8; iGd157            = 8;
i541350 = 9; iXe135            = 9;
i621490 = 10; iSm149            = 10;
i531310 = 11; iI131             = 11;
i551340 = 12; iCs134            = 12;
i551370 = 13; iCs137            = 13;
iLOST    = 14;
iTOT     = 15;

MAT_fue1_VOLUME = [ 1.65945E+01 1.65945E+01 1.65945E+01 1.65945E+01 1.65945E+01 1.65945E+01 ];

MAT_fue1_BURNUP = [ 0.00000E+00 5.34441E-01 1.06986E+00 5.37931E+00 1.08194E+01 2.16155E+01 ];

MAT_fue1_ADENS = [
1.43700E-03 1.42209E-03 1.40716E-03 1.28749E-03 1.13740E-03 8.43829E-04 % U235
0.00000E+00 2.61710E-12 2.06013E-11 2.27449E-09 1.51923E-08 8.18394E-08 % Pu239
0.00000E+00 9.52835E-13 1.48308E-11 7.44891E-09 9.04307E-08 8.55686E-07 % Pu240
0.00000E+00 1.60795E-14 5.02084E-13 1.28197E-09 3.10496E-08 5.12454E-07 % Pu241
0.00000E+00 1.78075E-22 1.11121E-20 1.42138E-16 6.82235E-15 2.21852E-13 % Am241
0.00000E+00 8.96782E-24 2.26336E-21 7.91430E-16 1.73202E-13 2.82373E-11 % Am243
0.00000E+00 1.22540E-15 2.09905E-15 4.50605E-15 5.51478E-15 5.76132E-15 % Gd155
0.00000E+00 4.20651E-14 7.23710E-14 9.67248E-13 3.05790E-12 7.91917E-12 % Gd157
0.00000E+00 3.45407E-10 3.88170E-10 7.00156E-10 9.37096E-10 1.10560E-09 % Xe135
0.00000E+00 1.04565E-15 9.01985E-15 1.57507E-12 7.96040E-12 2.43569E-11 % Sm149
0.00000E+00 6.38353E-10 1.61134E-09 3.48497E-08 1.95071E-07 1.14409E-06 % I131
0.00000E+00 1.67777E-12 3.34882E-12 1.64682E-11 3.20166E-11 5.91842E-11 % Cs134
0.00000E+00 4.04100E-08 1.56376E-07 3.32613E-06 1.00111E-05 2.55976E-05 % Cs137
0.00000E+00 8.33563E-13 1.66836E-12 8.39647E-12 1.68219E-11 3.27046E-11 % lost data
6.76182E-02 6.76307E-02 6.76433E-02 6.77440E-02 6.78712E-02 6.81228E-02 % total
];

MAT_fue1_MDENS = [
5.60871E-01 5.55051E-01 5.49224E-01 5.02514E-01 4.43933E-01 3.29351E-01 % U235
0.00000E+00 1.03889E-09 8.17794E-09 9.02887E-07 6.03074E-06 3.24871E-05 % Pu239
0.00000E+00 3.79824E-10 5.91192E-09 2.96933E-06 3.60480E-05 3.41098E-04 % Pu240
0.00000E+00 6.43627E-12 2.00973E-10 5.13142E-07 1.24285E-05 2.05124E-04 % Pu241
0.00000E+00 7.12817E-20 4.44808E-18 5.68965E-14 2.73092E-12 8.88054E-11 % Am241
0.00000E+00 3.61959E-21 9.13534E-19 3.19437E-13 6.99076E-11 1.13971E-08 % Am243
0.00000E+00 3.15247E-13 5.40000E-13 1.15923E-12 1.41873E-12 1.48215E-12 % Gd155
0.00000E+00 1.09614E-11 1.88586E-11 2.52048E-10 7.96836E-10 2.06360E-09 % Gd157
0.00000E+00 7.73788E-08 8.69585E-08 1.56850E-07 2.09930E-07 2.47678E-07 % Xe135
0.00000E+00 2.58577E-13 2.23049E-12 3.89493E-10 1.96850E-09 6.02315E-09 % Sm149
0.00000E+00 1.38763E-07 3.50268E-07 7.57553E-06 4.24040E-05 2.48699E-04 % I131
0.00000E+00 3.73073E-10 7.44651E-10 3.66189E-09 7.11928E-09 1.31603E-08 % Cs134
0.00000E+00 9.18695E-06 3.55510E-05 7.56174E-04 2.27596E-03 5.81944E-03 % Cs137
0.00000E+00 0.00000E+00 0.00000E+00 0.00000E+00 0.00000E+00 0.00000E+00 % lost data
1.01000E+01 1.00999E+01 1.00999E+01 1.00995E+01 1.00989E+01 1.00979E+01 % total
];

MAT_fue1_A = [
7.43999E+05 7.36279E+05 7.28549E+05 6.66588E+05 5.88880E+05 4.36887E+05 % U235
0.00000E+00 3.95648E+01 3.11447E+02 3.43854E+04 2.29674E+05 1.23723E+06 % Pu239
0.00000E+00 5.29340E+01 8.23911E+02 4.13818E+05 5.02381E+06 4.75370E+07 % Pu240
0.00000E+00 4.10135E+02 1.28065E+04 3.26987E+07 7.91973E+08 1.30710E+10 % Pu241
0.00000E+00 1.50038E-07 9.36263E-06 1.19760E-01 5.74823E+00 1.86924E+02 % Am241
0.00000E+00 4.43513E-10 1.11937E-07 3.91410E-02 8.56588E+00 1.39651E+03 % Am243
0.00000E+00 0.00000E+00 0.00000E+00 0.00000E+00 0.00000E+00 0.00000E+00 % Gd155
0.00000E+00 0.00000E+00 0.00000E+00 0.00000E+00 0.00000E+00 0.00000E+00 % Gd157
0.00000E+00 1.20746E+11 1.35695E+11 2.44758E+11 3.27586E+11 3.86490E+11 % Xe135
0.00000E+00 0.00000E+00 0.00000E+00 0.00000E+00 0.00000E+00 0.00000E+00 % Sm149
0.00000E+00 1.05956E+10 2.67455E+10 5.78446E+11 3.23785E+12 1.89899E+13 % I131
0.00000E+00 2.96113E+05 5.91039E+05 2.90649E+06 5.65067E+06 1.04455E+07 % Cs134
0.00000E+00 4.89826E+08 1.89549E+09 4.03174E+10 1.21349E+11 3.10278E+11 % Cs137
0.00000E+00 0.00000E+00 0.00000E+00 0.00000E+00 0.00000E+00 0.00000E+00 % lost data
2.46551E+06 8.51567E+18 1.01163E+19 1.34191E+19 1.51303E+19 1.61550E+19 % total
];

MAT_fue1_H = [
5.49835E-07 5.44129E-07 5.38417E-07 4.92626E-07 4.35198E-07 3.22871E-07 % U235
0.00000E+00 3.32243E-11 2.61536E-10 2.88749E-08 1.92867E-07 1.03896E-06 % Pu239
0.00000E+00 4.45339E-11 6.93165E-10 3.48150E-07 4.22658E-06 3.99933E-05 % Pu240
0.00000E+00 3.51889E-13 1.09878E-11 2.80549E-08 6.79500E-07 1.12147E-05 % Pu241
0.00000E+00 1.34522E-19 8.39436E-18 1.07374E-13 5.15376E-12 1.67592E-10 % Am241
0.00000E+00 3.85946E-22 9.74077E-20 3.40607E-14 7.45405E-12 1.21525E-09 % Am243
0.00000E+00 0.00000E+00 0.00000E+00 0.00000E+00 0.00000E+00 0.00000E+00 % Gd155
0.00000E+00 0.00000E+00 0.00000E+00 0.00000E+00 0.00000E+00 0.00000E+00 % Gd157
0.00000E+00 1.08855E-02 1.22331E-02 2.20653E-02 2.95324E-02 3.48427E-02 % Xe135
0.00000E+00 0.00000E+00 0.00000E+00 0.00000E+00 0.00000E+00 0.00000E+00 % Sm149
0.00000E+00 9.76001E-04 2.46363E-03 5.32829E-02 2.98251E-01 1.74924E+00 % I131
0.00000E+00 8.15289E-08 1.62731E-07 8.00246E-07 1.55580E-06 2.87597E-06 % Cs134
0.00000E+00 1.41144E-05 5.46187E-05 1.16175E-03 3.49667E-03 8.94069E-03 % Cs137
0.00000E+00 0.00000E+00 0.00000E+00 0.00000E+00 0.00000E+00 0.00000E+00 % lost data
1.72902E-06 4.52888E+06 5.24039E+06 6.45038E+06 6.93684E+06 6.96563E+06 % total
];

MAT_fue1_SF = [
5.35679E-05 5.30121E-05 5.24555E-05 4.79943E-05 4.23994E-05 3.14558E-05 % U235
0.00000E+00 1.22651E-10 9.65486E-10 1.06595E-07 7.11989E-07 3.83543E-06 % Pu239
0.00000E+00 3.01724E-06 4.69629E-05 2.35877E-02 2.86357E-01 2.70961E+00 % Pu240
0.00000E+00 0.00000E+00 0.00000E+00 0.00000E+00 0.00000E+00 0.00000E+00 % Pu241
0.00000E+00 6.45166E-19 4.02593E-17 5.14966E-13 2.47174E-11 8.03771E-10 % Am241
0.00000E+00 1.64100E-20 4.14166E-18 1.44822E-12 3.16937E-10 5.16708E-08 % Am243
0.00000E+00 0.00000E+00 0.00000E+00 0.00000E+00 0.00000E+00 0.00000E+00 % Gd155
0.00000E+00 0.00000E+00 0.00000E+00 0.00000E+00 0.00000E+00 0.00000E+00 % Gd157
0.00000E+00 0.00000E+00 0.00000E+00 0.00000E+00 0.00000E+00 0.00000E+00 % Xe135
0.00000E+00 0.00000E+00 0.00000E+00 0.00000E+00 0.00000E+00 0.00000E+00 % Sm149
0.00000E+00 0.00000E+00 0.00000E+00 0.00000E+00 0.00000E+00 0.00000E+00 % I131
0.00000E+00 0.00000E+00 0.00000E+00 0.00000E+00 0.00000E+00 0.00000E+00 % Cs134
0.00000E+00 0.00000E+00 0.00000E+00 0.00000E+00 0.00000E+00 0.00000E+00 % Cs137
0.00000E+00 0.00000E+00 0.00000E+00 0.00000E+00 0.00000E+00 0.00000E+00 % lost data
9.39943E+01 9.39682E+01 9.39419E+01 9.37520E+01 9.37497E+01 9.59337E+01 % total
];

