
ZAI = [
922350
942390
942400
942410
952410
952430
641550
641570
541350
621490
531310
551340
551370
666
0
];

NAMES = [
'U235            '
'Pu239           '
'Pu240           '
'Pu241           '
'Am241           '
'Am243           '
'Gd155           '
'Gd157           '
'Xe135           '
'Sm149           '
'I131            '
'Cs134           '
'Cs137           '
'lost            '
'total           '
];

i922350 = 1; iU235             = 1;
i942390 = 2; iPu239            = 2;
i942400 = 3; iPu240            = 3;
i942410 = 4; iPu241            = 4;
i952410 = 5; iAm241            = 5;
i952430 = 6; iAm243            = 6;
i641550 = 7; iGd155            = 7;
i641570 = 8; iGd157            = 8;
i541350 = 9; iXe135            = 9;
i621490 = 10; iSm149            = 10;
i531310 = 11; iI131             = 11;
i551340 = 12; iCs134            = 12;
i551370 = 13; iCs137            = 13;
iLOST    = 14;
iTOT     = 15;

MAT_fue1_VOLUME = [ 1.65945E+01 1.65945E+01 1.65945E+01 1.65945E+01 1.65945E+01 1.65945E+01 ];

MAT_fue1_BURNUP = [ 0.00000E+00 5.34042E-01 1.06925E+00 5.38093E+00 1.08186E+01 2.16081E+01 ];

MAT_fue1_ADENS = [
1.43700E-03 1.42210E-03 1.40718E-03 1.28745E-03 1.13744E-03 8.44085E-04 % U235
0.00000E+00 2.61223E-12 2.05678E-11 2.27384E-09 1.51938E-08 8.18387E-08 % Pu239
0.00000E+00 9.50474E-13 1.47882E-11 7.44618E-09 9.05029E-08 8.56591E-07 % Pu240
0.00000E+00 1.61407E-14 5.02047E-13 1.28111E-09 3.10105E-08 5.11492E-07 % Pu241
0.00000E+00 1.78753E-22 1.11191E-20 1.42013E-16 6.81194E-15 2.21458E-13 % Am241
0.00000E+00 9.05142E-24 2.25870E-21 7.87728E-16 1.72196E-13 2.81767E-11 % Am243
0.00000E+00 1.22329E-15 2.09578E-15 4.50852E-15 5.52046E-15 5.77027E-15 % Gd155
0.00000E+00 4.20341E-14 7.23123E-14 9.67244E-13 3.06275E-12 7.92044E-12 % Gd157
0.00000E+00 3.45876E-10 3.88238E-10 7.00394E-10 9.37804E-10 1.10564E-09 % Xe135
0.00000E+00 1.04494E-15 9.01507E-15 1.57576E-12 7.96744E-12 2.43682E-11 % Sm149
0.00000E+00 6.37800E-10 1.61021E-09 3.48518E-08 1.95087E-07 1.14397E-06 % I131
0.00000E+00 1.67485E-12 3.34358E-12 1.64747E-11 3.20347E-11 5.91878E-11 % Cs134
0.00000E+00 4.03787E-08 1.56271E-07 3.32671E-06 1.00113E-05 2.55902E-05 % Cs137
0.00000E+00 8.32482E-13 1.66640E-12 8.40304E-12 1.68366E-11 3.27157E-11 % lost data
6.76182E-02 6.76307E-02 6.76432E-02 6.77441E-02 6.78712E-02 6.81227E-02 % total
];

MAT_fue1_MDENS = [
5.60871E-01 5.55055E-01 5.49231E-01 5.02499E-01 4.43950E-01 3.29452E-01 % U235
0.00000E+00 1.03695E-09 8.16465E-09 9.02629E-07 6.03135E-06 3.24868E-05 % Pu239
0.00000E+00 3.78883E-10 5.89497E-09 2.96824E-06 3.60768E-05 3.41459E-04 % Pu240
0.00000E+00 6.46077E-12 2.00958E-10 5.12801E-07 1.24128E-05 2.04739E-04 % Pu241
0.00000E+00 7.15533E-20 4.45086E-18 5.68464E-14 2.72676E-12 8.86475E-11 % Am241
0.00000E+00 3.65333E-21 9.11655E-19 3.17942E-13 6.95016E-11 1.13727E-08 % Am243
0.00000E+00 3.14704E-13 5.39159E-13 1.15986E-12 1.42019E-12 1.48446E-12 % Gd155
0.00000E+00 1.09534E-11 1.88433E-11 2.52047E-10 7.98100E-10 2.06393E-09 % Gd157
0.00000E+00 7.74837E-08 8.69737E-08 1.56904E-07 2.10089E-07 2.47686E-07 % Xe135
0.00000E+00 2.58401E-13 2.22931E-12 3.89666E-10 1.97024E-09 6.02595E-09 % Sm149
0.00000E+00 1.38643E-07 3.50022E-07 7.57599E-06 4.24074E-05 2.48674E-04 % I131
0.00000E+00 3.72422E-10 7.43485E-10 3.66334E-09 7.12330E-09 1.31611E-08 % Cs134
0.00000E+00 9.17983E-06 3.55272E-05 7.56304E-04 2.27601E-03 5.81775E-03 % Cs137
0.00000E+00 0.00000E+00 0.00000E+00 0.00000E+00 0.00000E+00 0.00000E+00 % lost data
1.01000E+01 1.00999E+01 1.00999E+01 1.00995E+01 1.00989E+01 1.00979E+01 % total
];

MAT_fue1_A = [
7.43999E+05 7.36285E+05 7.28559E+05 6.66569E+05 5.88903E+05 4.37020E+05 % U235
0.00000E+00 3.94912E+01 3.10941E+02 3.43755E+04 2.29697E+05 1.23722E+06 % Pu239
0.00000E+00 5.28028E+01 8.21548E+02 4.13667E+05 5.02782E+06 4.75872E+07 % Pu240
0.00000E+00 4.11696E+02 1.28056E+04 3.26770E+07 7.90975E+08 1.30465E+10 % Pu241
0.00000E+00 1.50610E-07 9.36847E-06 1.19654E-01 5.73946E+00 1.86591E+02 % Am241
0.00000E+00 4.47648E-10 1.11706E-07 3.89579E-02 8.51613E+00 1.39351E+03 % Am243
0.00000E+00 0.00000E+00 0.00000E+00 0.00000E+00 0.00000E+00 0.00000E+00 % Gd155
0.00000E+00 0.00000E+00 0.00000E+00 0.00000E+00 0.00000E+00 0.00000E+00 % Gd157
0.00000E+00 1.20910E+11 1.35719E+11 2.44841E+11 3.27834E+11 3.86503E+11 % Xe135
0.00000E+00 0.00000E+00 0.00000E+00 0.00000E+00 0.00000E+00 0.00000E+00 % Sm149
0.00000E+00 1.05864E+10 2.67267E+10 5.78481E+11 3.23811E+12 1.89880E+13 % I131
0.00000E+00 2.95597E+05 5.90114E+05 2.90764E+06 5.65386E+06 1.04462E+07 % Cs134
0.00000E+00 4.89447E+08 1.89423E+09 4.03243E+10 1.21351E+11 3.10189E+11 % Cs137
0.00000E+00 0.00000E+00 0.00000E+00 0.00000E+00 0.00000E+00 0.00000E+00 % lost data
2.46551E+06 8.50931E+18 1.01116E+19 1.34258E+19 1.51253E+19 1.61486E+19 % total
];

MAT_fue1_H = [
5.49835E-07 5.44134E-07 5.38424E-07 4.92612E-07 4.35215E-07 3.22969E-07 % U235
0.00000E+00 3.31625E-11 2.61111E-10 2.88667E-08 1.92887E-07 1.03895E-06 % Pu239
0.00000E+00 4.44236E-11 6.91177E-10 3.48022E-07 4.22996E-06 4.00356E-05 % Pu240
0.00000E+00 3.53229E-13 1.09870E-11 2.80363E-08 6.78643E-07 1.11937E-05 % Pu241
0.00000E+00 1.35034E-19 8.39960E-18 1.07280E-13 5.14590E-12 1.67294E-10 % Am241
0.00000E+00 3.89544E-22 9.72073E-20 3.39013E-14 7.41077E-12 1.21264E-09 % Am243
0.00000E+00 0.00000E+00 0.00000E+00 0.00000E+00 0.00000E+00 0.00000E+00 % Gd155
0.00000E+00 0.00000E+00 0.00000E+00 0.00000E+00 0.00000E+00 0.00000E+00 % Gd157
0.00000E+00 1.09002E-02 1.22353E-02 2.20728E-02 2.95547E-02 3.48439E-02 % Xe135
0.00000E+00 0.00000E+00 0.00000E+00 0.00000E+00 0.00000E+00 0.00000E+00 % Sm149
0.00000E+00 9.75156E-04 2.46190E-03 5.32862E-02 2.98275E-01 1.74906E+00 % I131
0.00000E+00 8.13867E-08 1.62476E-07 8.00563E-07 1.55668E-06 2.87614E-06 % Cs134
0.00000E+00 1.41034E-05 5.45823E-05 1.16195E-03 3.49675E-03 8.93810E-03 % Cs137
0.00000E+00 0.00000E+00 0.00000E+00 0.00000E+00 0.00000E+00 0.00000E+00 % lost data
1.72902E-06 4.52552E+06 5.23804E+06 6.45370E+06 6.93443E+06 6.96272E+06 % total
];

MAT_fue1_SF = [
5.35679E-05 5.30125E-05 5.24562E-05 4.79930E-05 4.24010E-05 3.14654E-05 % U235
0.00000E+00 1.22423E-10 9.63917E-10 1.06564E-07 7.12060E-07 3.83539E-06 % Pu239
0.00000E+00 3.00976E-06 4.68283E-05 2.35790E-02 2.86586E-01 2.71247E+00 % Pu240
0.00000E+00 0.00000E+00 0.00000E+00 0.00000E+00 0.00000E+00 0.00000E+00 % Pu241
0.00000E+00 6.47624E-19 4.02844E-17 5.14513E-13 2.46797E-11 8.02343E-10 % Am241
0.00000E+00 1.65630E-20 4.13314E-18 1.44144E-12 3.15097E-10 5.15598E-08 % Am243
0.00000E+00 0.00000E+00 0.00000E+00 0.00000E+00 0.00000E+00 0.00000E+00 % Gd155
0.00000E+00 0.00000E+00 0.00000E+00 0.00000E+00 0.00000E+00 0.00000E+00 % Gd157
0.00000E+00 0.00000E+00 0.00000E+00 0.00000E+00 0.00000E+00 0.00000E+00 % Xe135
0.00000E+00 0.00000E+00 0.00000E+00 0.00000E+00 0.00000E+00 0.00000E+00 % Sm149
0.00000E+00 0.00000E+00 0.00000E+00 0.00000E+00 0.00000E+00 0.00000E+00 % I131
0.00000E+00 0.00000E+00 0.00000E+00 0.00000E+00 0.00000E+00 0.00000E+00 % Cs134
0.00000E+00 0.00000E+00 0.00000E+00 0.00000E+00 0.00000E+00 0.00000E+00 % Cs137
0.00000E+00 0.00000E+00 0.00000E+00 0.00000E+00 0.00000E+00 0.00000E+00 % lost data
9.39943E+01 9.39682E+01 9.39420E+01 9.37519E+01 9.37498E+01 9.59359E+01 % total
];

